-0.458867   0.44908   -0.479179
-0.325429   -0.390508   -0.452616
-0.490205   -0.370499   -0.294237
-0.320149   0.43043   -0.305073
-0.167848   0.448745   -0.460884
-0.00755137   -0.384835   -0.462866
-0.152471   -0.372541   -0.29324
0.0270857   0.422173   -0.313701
0.186379   0.43951   -0.470013
0.352091   -0.400101   -0.465388
0.165234   -0.393874   -0.313844
0.362974   0.456478   -0.302208
-0.476069   -0.22552   -0.470941
-0.311169   -0.0552034   -0.481078
-0.489443   -0.0441094   -0.306714
-0.313271   -0.21667   -0.301852
-0.18065   -0.23522   -0.484747
0.015913   -0.0166062   -0.458284
-0.161029   -0.0341173   -0.330409
0.00269625   -0.194586   -0.313482
0.171994   -0.221488   -0.459752
0.37   -0.0647416   -0.48155
0.181909   -0.0443449   -0.31936
0.344256   -0.235676   -0.318475
-0.485573   0.131361   -0.479065
-0.314759   0.285966   0.491069
-0.485801   0.296756   -0.305261
-0.332242   0.121094   -0.285764
-0.158562   0.120823   -0.465765
0.011658   0.291268   0.498763
-0.159741   0.284027   -0.299101
0.0149609   0.132188   -0.308406
0.187518   0.127657   -0.490847
0.359769   0.297908   -0.463894
0.196183   0.279098   -0.303429
0.353514   0.107888   -0.32831
-0.478513   0.454238   -0.130397
-0.330258   -0.376039   -0.127493
0.490616   -0.388968   0.0254848
-0.310954   0.43678   0.0310277
-0.160045   0.449154   -0.154032
0.0223816   -0.396266   -0.163727
-0.161138   -0.361357   0.0196656
0.0168285   0.447457   0.000362507
0.192421   0.443551   -0.149133
0.343607   -0.393188   -0.152174
0.180132   -0.359489   0.0119246
0.342169   0.454689   0.00959304
-0.473716   -0.206042   -0.145735
-0.307191   -0.0364068   -0.146212
-0.489889   -0.0381369   -0.00735816
-0.339903   -0.198387   0.0210036
-0.13715   -0.204825   -0.143657
0.00518232   -0.0256822   -0.137478
-0.155345   -0.0578358   0.0051049
0.0158111   -0.201859   0.0230599
0.177833   -0.213853   -0.163477
0.357528   -0.077163   -0.149994
0.171561   -0.0536092   0.00694384
0.356129   -0.222651   0.014414
0.499056   0.12549   -0.157228
-0.30943   0.293308   -0.116295
-0.496519   0.266178   0.00532676
-0.333576   0.115119   0.0260385
-0.153566   0.11986   -0.144294
0.0104307   0.287801   -0.136257
-0.148476   0.269129   0.0270188
0.0248266   0.142648   0.0483563
0.194603   0.127943   -0.139066
0.350736   0.273162   -0.171993
0.184577   0.286024   0.0171069
0.344051   0.119921   0.0303757
-0.478175   0.431324   0.186333
-0.338592   -0.406739   0.189138
-0.489327   -0.404235   0.352589
-0.325163   0.447613   0.350096
-0.149787   0.428769   0.186884
0.00974782   -0.396643   0.20223
-0.151305   -0.420473   0.345442
0.0180674   0.45337   0.36029
0.191594   0.468902   0.170588
0.345411   -0.381961   0.196848
0.178459   -0.385635   0.383511
0.357183   0.431961   0.373741
-0.488278   -0.23191   0.165666
-0.321515   -0.0481364   0.190977
-0.473153   -0.056466   0.346373
-0.337579   -0.243733   0.350533
-0.165229   -0.212855   0.181645
0.014527   -0.051792   0.179912
-0.137038   -0.0558037   0.35627
0.00498138   -0.226502   0.355216
0.179671   -0.219911   0.193998
0.340576   -0.0513279   0.181144
0.178985   -0.0544946   0.355436
0.343784   -0.21506   0.342391
0.49294   0.0998766   0.191878
-0.315001   0.284166   0.181176
-0.484511   0.249047   0.342477
-0.31938   0.108498   0.367399
-0.162365   0.100029   0.18788
0.0175772   0.295604   0.193724
-0.145766   0.26584   0.341313
0.029538   0.107097   0.343306
0.191358   0.105158   0.192942
0.352919   0.278277   0.191881
0.193948   0.283885   0.347608
0.34282   0.108253   0.354584
