-0.458968   0.449182   -0.479322
-0.325374   -0.39048   -0.452609
-0.490215   -0.370522   -0.294155
-0.320046   0.430516   -0.305122
-0.167856   0.448736   -0.460963
-0.00764687   -0.384969   -0.463058
-0.152602   -0.372566   -0.293181
0.0269467   0.422266   -0.313729
0.18641   0.439411   -0.470056
0.351976   -0.400026   -0.465421
0.165325   -0.39372   -0.313715
0.362816   0.456364   -0.302158
-0.475947   -0.22554   -0.471073
-0.311071   -0.0552458   -0.480915
-0.489506   -0.044133   -0.306677
-0.313257   -0.216863   -0.301834
-0.180716   -0.23522   -0.484793
0.015812   -0.0165474   -0.458049
-0.160971   -0.0341391   -0.330483
0.00274851   -0.194698   -0.31344
0.171928   -0.221406   -0.459812
0.37009   -0.0646742   -0.481518
0.181854   -0.0443009   -0.319337
0.344194   -0.235747   -0.318481
-0.485638   0.131482   -0.479081
-0.314687   0.286141   0.491249
-0.485605   0.296721   -0.30524
-0.332146   0.121092   -0.285781
-0.158562   0.120818   -0.465767
0.0117304   0.291505   0.498855
-0.159632   0.284065   -0.299213
0.0149221   0.132217   -0.308211
0.187469   0.127734   -0.49069
0.359871   0.297933   -0.463794
0.196309   0.279195   -0.303256
0.353383   0.107869   -0.32828
-0.478493   0.454181   -0.130452
-0.330102   -0.376103   -0.127511
0.490595   -0.389088   0.0257359
-0.310924   0.43675   0.0310334
-0.160053   0.449082   -0.154053
0.0224012   -0.3963   -0.163836
-0.161038   -0.361348   0.0197371
0.0167877   0.447523   0.000406389
0.192384   0.443523   -0.149085
0.343547   -0.392991   -0.152082
0.180053   -0.359452   0.0118139
0.342176   0.454689   0.00958846
-0.47383   -0.205929   -0.145853
-0.307142   -0.0363908   -0.146134
-0.489864   -0.0381642   -0.00728639
-0.339905   -0.198351   0.0210317
-0.13709   -0.204925   -0.143673
0.00531249   -0.0255965   -0.137528
-0.155376   -0.0577557   0.0050245
0.0159979   -0.201909   0.0231246
0.177825   -0.214004   -0.163489
0.357685   -0.0771444   -0.149971
0.171566   -0.0535858   0.00706722
0.356127   -0.222551   0.0145652
0.498898   0.12557   -0.157074
-0.309543   0.293146   -0.116471
-0.496477   0.266128   0.00543915
-0.333555   0.115006   0.0260793
-0.153364   0.119704   -0.144407
0.0104443   0.287767   -0.136321
-0.148591   0.26911   0.0269876
0.0248376   0.142587   0.0482633
0.194806   0.127778   -0.138965
0.350671   0.273356   -0.172074
0.184584   0.285993   0.0169813
0.343886   0.119749   0.030372
-0.478164   0.431229   0.186149
-0.338721   -0.406814   0.18912
-0.489358   -0.404204   0.352581
-0.325079   0.44756   0.35
-0.149747   0.42885   0.18672
0.00979112   -0.396674   0.202273
-0.151403   -0.420554   0.34534
0.0181197   0.453435   0.360443
0.191706   0.468819   0.170731
0.345344   -0.382053   0.196799
0.178493   -0.3857   0.383517
0.357147   0.431835   0.373687
-0.488413   -0.231825   0.165716
-0.321538   -0.0480992   0.190876
-0.473068   -0.0564964   0.346267
-0.337849   -0.243694   0.350644
-0.165144   -0.212877   0.181724
0.014528   -0.0518197   0.179962
-0.136976   -0.055828   0.356213
0.00499965   -0.226369   0.35517
0.179782   -0.220014   0.194124
0.340575   -0.0512245   0.181173
0.17882   -0.0544309   0.35527
0.343835   -0.215073   0.342234
0.492948   0.0999531   0.191914
-0.314925   0.284102   0.18122
-0.484619   0.249061   0.342424
-0.319335   0.10854   0.367288
-0.162354   0.100062   0.187724
0.0174579   0.295419   0.193829
-0.145857   0.265875   0.341255
0.0295151   0.107307   0.343134
0.191427   0.105176   0.192772
0.352782   0.278192   0.191845
0.193889   0.284095   0.347669
0.342825   0.108266   0.354613
