0.0115332 0 0
0.0345996 0 0
0.0576661 0 0
0.0807325 0 0
0.103799 0 0
0.126865 0 0
0.149932 0 0
0.172998 0 0
0.196065 0 0
0.219131 0 0
0.242198 0 0
0.265264 0 0
0.28833 0 0
0.311397 0 0
0.334463 0 0
0.35753 0 0
0.380596 0 0
0.403663 0 0
0.426729 0 0
0.449795 0 0
0.472862 0 0
0.495928 0 0
0.518995 0 0
0.542061 0 0
0.565128 0 0
0.588194 0 0
0.61126 0 0
0.634327 0 0
0.657393 0 0
0.68046 0 0
0.703526 0 0
0.726593 0 0
0.749659 0 0
0.772725 0 0
0.795792 0 0
0.818858 0 0
0.841925 0 0
0.864991 0 0
0.888058 0 0
0.911124 2.19609 0.147463
0.93419 37.3965 2.31925
0.957257 190.647 11.069
0.980323 619.226 35.5731
1.00339 1285.43 74.6859
1.02646 2044.77 116.973
1.04952 2510.23 144.153
1.07259 2582.04 151.367
1.09566 2369.33 138.704
1.11872 1951.67 113.144
1.14179 1483.04 85.6533
1.16485 1002.57 58.5555
1.18792 643.245 36.9342
1.21099 385.939 22.3826
1.23405 217.332 12.1376
1.25712 119.741 6.68876
1.28019 65.1788 3.54664
1.30325 37.7258 2.1597
1.32632 33.883 1.95628
1.34939 43.542 2.44901
1.37245 70.0198 3.83116
1.39552 108.627 6.30961
1.41859 171.397 9.97412
1.44165 253.217 14.5679
1.46472 348.503 20.0843
1.48778 429.886 25.1948
1.51085 496.594 28.8852
1.53392 510.687 29.9542
1.55698 488.019 28.4869
1.58005 435.051 25.1668
1.60312 346.317 20.1036
1.62618 253.23 14.6029
1.64925 182.302 10.5466
1.67232 138.353 7.87209
1.69538 130.76 7.22365
1.71845 166.902 9.44668
1.74152 266.082 15.1107
1.76458 436.729 24.9424
1.78765 677.676 39.2217
1.81071 947.37 54.6509
1.83378 1205.24 70.3323
1.85685 1395.95 81.235
1.87991 1439.22 83.7873
1.90298 1369.67 79.4301
1.92605 1184.11 69.3941
1.94911 914.505 53.1489
1.97218 666.727 38.776
1.99525 463.949 26.7269
2.01831 332.414 18.7144
2.04138 269.687 15.3567
2.06445 280.182 15.9574
2.08751 337.394 19.2478
2.11058 419.322 24.1128
2.13364 505.483 29.2112
2.15671 543.8 31.5831
2.17978 533.882 31.1123
2.20284 487.085 28.3595
2.22591 436.453 25.3212
2.24898 372.819 21.5956
2.27204 338.447 19.3549
2.29511 335.806 19.2525
