0.348621   -0.10391   -0.245165
-0.0669179   -0.352774   0.110744
-0.0526686   -0.152216   0.403676
-0.459747   0.109969   0.400509
0.00686419   -0.341276   -0.372208
0.447924   0.293893   0.0867468
-0.164111   -0.284979   -0.447707
-0.0654811   0.195039   0.139772
-0.260585   -0.426051   0.0959112
0.347901   -0.222432   0.0961074
0.0415962   0.346694   -0.0992422
-0.380201   -0.128152   -0.16984
-0.230035   0.347704   -0.246169
0.284967   -0.276735   -0.317939
0.346687   0.203144   -0.0717061
0.282464   -0.352632   0.249563
0.0766174   0.313509   0.275287
0.10756   -0.314641   0.472713
-0.226162   0.181315   0.274807
-0.252273   -0.473655   -0.466826
0.289412   0.384862   -0.0162005
0.420037   0.0191286   0.232099
-0.460732   0.411874   -0.454164
0.0497662   -0.10167   -0.450336
0.479636   -0.122755   -0.379072
0.252829   0.076981   0.0333716
0.272384   -0.428204   0.00900875
-0.0864146   0.452842   0.0121135
0.255513   -0.0887415   -0.420644
0.347602   0.382097   0.429557
0.135372   0.417238   -0.29256
-0.162094   0.0103126   -0.48084
-0.00856762   0.309575   -0.28251
0.250915   -0.0972152   -0.0425949
0.354552   0.11284   -0.250248
0.366868   0.25552   0.262512
0.0821597   0.156664   -0.375481
-0.468141   -0.192457   0.0799659
0.17   0.00558896   -0.256021
-0.352362   -0.379445   -0.0948033
-0.000222532   0.111272   0.36119
0.0632562   0.389386   -0.481215
-0.368018   -0.106182   0.398036
0.110468   -0.291022   -0.191978
-0.438175   0.21441   -0.0911916
-0.178026   -0.0805607   -0.108198
-0.204993   0.404207   0.239254
0.432455   -0.484919   0.113891
-0.121461   -0.319245   -0.103992
-0.263765   0.205907   -0.384196
-0.329972   0.416721   -0.066134
0.274708   0.289711   -0.406348
0.416849   0.328754   -0.261716
-0.349219   -0.217234   -0.387579
0.48078   0.497128   -0.102363
0.181836   0.475509   0.34717
0.217406   -0.0125091   0.399291
-0.0975485   -0.150922   0.0855215
0.373583   0.109922   -0.475862
-0.165902   -0.401861   0.302249
0.0340415   0.0431262   -0.0566951
-0.394489   0.472595   -0.284377
0.185606   0.250168   -0.225597
-0.295748   0.305343   0.0801865
0.10399   -0.372418   0.175866
-0.343956   -0.304737   0.380344
-0.00553922   0.466217   0.210237
-0.437069   0.410846   0.268822
0.40894   -0.0872763   0.421686
0.406798   -0.313993   -0.119632
0.414793   -0.472472   -0.316318
-0.0147346   -0.466033   -0.206111
0.277241   -0.418452   -0.490408
-0.440561   -0.344518   0.21812
-0.283864   -0.21606   0.0482949
0.444428   -0.455756   0.395317
0.0765013   -0.483921   -0.0389896
-0.0701224   -0.437127   0.479104
-0.189991   -0.214618   0.235169
0.471536   -0.163051   0.256961
0.276057   -0.489344   -0.186512
0.250434   0.429794   0.182319
0.101761   0.246828   0.0679869
-0.41818   0.172552   0.190093
0.176561   0.176196   0.430615
-0.459149   0.201153   -0.389223
-0.20677   -0.00906355   0.305946
-0.431186   -0.380313   -0.428392
-0.269511   0.357122   0.421316
-0.455171   -0.302223   -0.237252
0.456936   -0.0213242   -0.0630937
0.0104874   -0.0356193   0.226588
-0.366644   0.000233763   -0.401983
-0.3643   -0.0386313   0.216519
0.182168   -0.159452   0.209736
-0.0712708   0.0993507   -0.227617
-0.267248   0.149076   -0.184494
0.167837   0.125909   0.197841
0.416989   -0.267868   0.481868
-0.114172   0.244638   -0.0499171
-0.222148   -0.398513   -0.28979
-0.162519   0.0420403   0.0588621
0.255115   -0.202229   0.382564
-0.331524   0.0285551   -0.0223468
-0.422783   0.0794538   -0.241935
-0.097769   0.186085   -0.472233
-0.0770527   -0.166112   -0.283124
0.104033   -0.311411   -0.00451566
