0.34848   -0.104052   -0.244907
-0.066936   -0.352783   0.11095
-0.052536   -0.1522   0.404017
-0.45965   0.110117   0.400513
0.00686876   -0.341048   -0.372011
0.44789   0.293993   0.0864553
-0.164185   -0.284874   -0.447861
-0.065741   0.195031   0.140008
-0.260448   -0.426033   0.0958202
0.347935   -0.222254   0.0961952
0.0414129   0.346548   -0.0994701
-0.380133   -0.128185   -0.169895
-0.230033   0.347851   -0.246386
0.28514   -0.27663   -0.317925
0.346778   0.203149   -0.0715884
0.282314   -0.352629   0.249624
0.0767818   0.313327   0.275145
0.107693   -0.314673   0.472842
-0.22634   0.181341   0.274747
-0.252321   -0.473599   -0.466782
0.289397   0.384705   -0.016358
0.420343   0.0190315   0.232125
-0.46079   0.411852   -0.454037
0.049642   -0.101869   -0.450494
0.479562   -0.122901   -0.378965
0.253045   0.0768357   0.033343
0.272335   -0.428101   0.00907759
-0.0864638   0.452627   0.0120621
0.255708   -0.0888335   -0.420725
0.347654   0.382198   0.429259
0.135394   0.417359   -0.292587
-0.162261   0.0104811   -0.480793
-0.00842865   0.309499   -0.282544
0.250873   -0.0971537   -0.0425326
0.354725   0.112753   -0.250129
0.366843   0.255649   0.262642
0.082112   0.1566   -0.37538
-0.468056   -0.192494   0.0799728
0.170209   0.00546657   -0.255753
-0.352531   -0.379539   -0.0947141
-0.000287404   0.111102   0.361227
0.0632866   0.389558   -0.481089
-0.368307   -0.106167   0.397891
0.11039   -0.291032   -0.191976
-0.438357   0.214534   -0.0910888
-0.178266   -0.080502   -0.1082
-0.205015   0.404269   0.239356
0.432597   -0.484795   0.114026
-0.121567   -0.319467   -0.104223
-0.263648   0.205987   -0.384264
-0.329916   0.416528   -0.0661824
0.275036   0.289803   -0.406327
0.416555   0.328727   -0.261637
-0.349177   -0.217137   -0.38761
0.480794   0.497201   -0.102191
0.181984   0.475541   0.347065
0.217426   -0.0122252   0.399241
-0.0977128   -0.150931   0.0854858
0.373711   0.109703   -0.47609
-0.165876   -0.401759   0.302504
0.0339225   0.0428496   -0.0566915
-0.394565   0.472631   -0.284269
0.185964   0.250594   -0.225601
-0.295801   0.305276   0.080313
0.103959   -0.37239   0.175862
-0.343926   -0.304463   0.380344
-0.00563405   0.465991   0.209924
-0.437178   0.410875   0.268716
0.408987   -0.0869719   0.421694
0.406894   -0.314041   -0.119713
0.414774   -0.472452   -0.316446
-0.0148318   -0.465965   -0.20596
0.277158   -0.418315   -0.49056
-0.440479   -0.344493   0.218107
-0.283827   -0.215939   0.0483006
0.444392   -0.455707   0.395391
0.076485   -0.484077   -0.0386414
-0.0701311   -0.437061   0.479166
-0.189791   -0.214707   0.235078
0.471672   -0.162857   0.25676
0.276127   -0.489355   -0.186492
0.250497   0.429794   0.182321
0.10176   0.246668   0.0682785
-0.418141   0.172568   0.190227
0.176378   0.176122   0.430416
-0.459058   0.201252   -0.389257
-0.206721   -0.00918834   0.305869
-0.431215   -0.380206   -0.428564
-0.269417   0.356984   0.421345
-0.455166   -0.302181   -0.237359
0.457062   -0.0211935   -0.0633789
0.0104193   -0.0355056   0.226609
-0.366531   7.29423e-05   -0.402
-0.364459   -0.0387519   0.216377
0.182261   -0.15943   0.209779
-0.0713288   0.0993931   -0.227718
-0.267167   0.14902   -0.184405
0.167526   0.125705   0.1981
0.416873   -0.267845   0.481907
-0.114241   0.244456   -0.0500288
-0.222224   -0.398676   -0.289752
-0.162484   0.0419578   0.0588379
0.254938   -0.202233   0.382477
-0.33151   0.0283982   -0.0224723
-0.422784   0.0793948   -0.242023
-0.0975994   0.186087   -0.472083
-0.0771451   -0.166126   -0.283208
0.103944   -0.311375   -0.00463474
