1.89852
1.89337
1.88421
1.87038
1.85093
1.82456
1.78963
1.74432
1.68693
1.61631
1.53251
1.43759
1.3362
1.23551
1.1439
1.06889
1.01512
0.983574
0.97207
0.976423
0.991664
1.01289
1.03585
1.05723
1.07486
1.08776
1.09603
1.10065
1.10303
1.10453
1.1059
1.10712
1.10745
1.10563
1.10027
1.09027
1.07535
1.05651
1.03587
1.01607
0.999271
0.986512
0.977769
0.972631
0.970912
0.972788
0.978415
0.98745
0.998875
1.0111
1.02232
1.03091
1.03573
1.03619
1.03239
1.02529
1.01656
1.00823
1.00194
0.998377
0.997395
0.99854
1.00142
1.00572
1.01101
1.01652
1.02122
1.02414
1.02486
1.02382
1.02236
1.02212
1.02433
1.02926
1.03617
1.0437
1.05039
1.05528
1.05826
1.05995
1.06121
1.06239
1.06311
1.06253
1.06029
1.05695
1.05361
1.05128
1.05046
1.05118
1.05325
1.05626
1.0597
1.06288
1.06503
1.0655
1.0638
1.05967
1.05307
1.0441
1.03299
1.02
1.00541
0.989666
0.973678
0.958955
0.94741
0.940813
0.9403
0.946289
0.958368
0.975061
0.993872
1.012
1.02716
1.03793
1.0438
1.04494
1.04216
1.03669
1.03008
1.02379
1.01868
1.01472
1.01128
1.00779
1.00443
1.00221
1.00237
1.00581
1.0127
1.02268
1.03506
1.04901
1.06347
1.07716
1.08874
1.09703
1.10147
1.10245
1.10139
1.10018
1.10021
1.10144
1.10252
1.1018
1.09835
1.09246
1.08578
1.08059
1.07855
1.07974
1.08273
1.08542
1.08597
1.08314
1.07643
1.06599
1.05273
1.03864
1.02706
1.02177
1.0245
1.03302
1.04263
1.04957
1.05298
1.05444
1.05635
1.06029
1.06651
1.07432
1.08273
1.09089
1.09845
1.10571
1.11308
1.12007
1.12489
1.12527
1.11973
1.10845
1.09355
1.07877
1.06828
1.0647
1.06785
1.07523
1.0838
1.09148
1.09744
1.10158
1.10386
1.10383
1.10069
1.09363
1.08239
1.0675
1.0501
1.03148
1.01259
0.994193
0.977443
0.96406
0.955697
0.953079
0.955964
0.963811
0.976294
0.99323
1.01415
1.038
1.06314
1.08758
1.10942
1.12705
1.13945
1.14622
1.14766
1.14451
1.1378
1.12858
1.11771
1.10592
1.09381
1.08204
1.07132
1.06243
1.05611
1.05297
1.05345
1.05775
1.0657
1.07659
1.08925
1.10214
1.11368
1.12248
1.12763
1.12887
1.12646
1.12109
1.11371
1.10557
1.09829
1.09389
1.09401
1.09907
1.10795
1.11883
1.12999
1.14009
1.14786
1.15197
1.15133
1.14559
1.13561
1.12324
1.11041
1.09809
1.08618
1.07423
1.06208
1.05011
1.03896
1.02928
1.02157
1.01618
1.01335
1.01306
1.01484
1.01767
1.02018
1.02089
1.01863
1.01285
1.00386
0.992925
0.982193
0.974432
0.972408
0.978009
0.991463
1.01101
1.0333
1.05431
1.0705
1.0796
1.08087
1.07512
1.0645
1.05218
1.04175
1.03616
1.03671
1.04271
1.05205
1.06236
1.07187
1.07951
1.08458
1.08652
1.08489
1.07968
1.0716
1.06199
1.05218
1.04293
1.0342
1.02595
1.01908
1.01576
1.01847
1.02826
1.04378
1.06168
1.07804
1.08971
1.09485
1.09309
1.08532
1.07361
1.0608
1.05002
1.04376
1.04307
1.04715
1.05384
1.06034
1.06408
1.06316
1.05663
1.04473
1.02894
1.01166
0.995526
0.982789
0.974904
0.972513
0.975598
0.983629
0.995586
1.0099
1.02449
1.03702
1.04538
1.04813
1.04514
1.03783
1.02919
1.0228
1.0213
1.025
1.03184
1.0389
1.0441
1.04699
1.04855
1.05032
1.05354
1.0586
1.065
1.0717
1.07767
1.08226
1.0853
1.08696
1.08749
1.08713
1.08617
1.08506
1.08441
1.08474
1.08625
1.08863
1.09123
1.09331
1.09432
1.09406
1.09266
1.09053
1.08808
1.08566
1.08359
1.08202
1.08088
1.07986
1.07844
1.07612
1.07265
1.06814
1.06317
1.05858
1.05523
1.05359
1.05339
1.05367
1.0533
1.05189
1.0503
1.05018
1.05275
1.05787
1.06433
1.07074
1.07609
1.07988
1.08202
1.08292
1.08337
1.08449
1.08721
1.09199
1.0986
1.10619
1.11365
1.11986
1.12384
1.12483
1.12234
1.1163
1.10709
1.09555
1.08296
1.0708
1.06045
1.05304
1.04916
1.04883
1.05145
1.05593
1.06093
1.06522
1.06797
1.06894
1.06848
1.0674
1.06672
1.06732
1.06952
1.07278
1.07566
1.07608
1.07206
1.06265
1.04871
1.03321
1.02034
1.01378
1.01495
1.02304
1.03618
1.05267
1.07134
1.09135
1.11184
1.13179
1.15004
1.16553
1.17743
1.18522
1.1886
1.18738
1.18138
1.17056
1.15521
1.13604
1.11436
1.09201
1.07118
1.05395
1.04157
1.03404
1.03052
1.03028
1.03332
1.04027
1.05162
1.06683
1.08384
1.09935
1.10984
1.11287
1.10837
1.09935
1.091
1.08805
1.09224
1.10224
1.11496
1.12691
1.13498
1.13724
1.13318
1.12361
1.11026
1.0954
1.08149
1.07075
1.06469
1.06374
1.0671
1.07311
1.07974
1.08517
1.0881
1.08797
1.08457
1.07763
1.06691
1.05274
1.03682
1.02225
1.01272
1.01105
1.01814
1.03294
1.05322
1.07627
1.09936
1.12033
1.13808
1.15258
1.16452
1.17472
1.18351
1.19051
1.19472
1.1949
1.19011
1.17992
1.16467
1.14532
1.12321
1.09979
1.07657
1.05502
1.03658
1.02252
1.01358
1.00963
1.00968
1.01236
1.01645
1.02137
1.02717
1.03437
1.04342
1.05395
1.06453
1.07303
1.07742
1.07646
1.07003
1.0591
1.0455
1.03149
1.01887
1.0083
0.999324
0.99113
0.983398
0.976773
0.97284
0.973657
0.980698
0.993894
1.01155
1.03109
1.05006
1.06646
1.07877
1.08583
1.08709
1.08299
1.07501
1.06538
1.05642
1.04978
1.04591
1.04403
1.04262
1.04017
1.0357
1.02896
1.02016
1.00963
0.997677
0.984804
0.972228
0.962167
0.957396
0.959945
0.969674
0.98407
0.999717
1.014
1.02589
1.0358
1.04481
1.0538
1.06296
1.07177
1.07932
1.0848
1.08785
1.08858
1.08743
1.08499
1.08173
1.07792
1.07348
1.06807
1.06135
1.05338
1.04492
1.03733
1.03231
1.03127
1.03484
1.04248
1.05264
1.06294
1.07077
1.07359
1.06949
1.05763
1.03877
1.01564
0.99234
0.972969
0.959801
0.952784
0.950446
0.951325
0.954727
0.960732
0.969745
0.981993
0.997148
1.01429
1.03214
1.04942
1.06505
1.07803
1.0872
1.09108
1.08837
1.07875
1.06346
1.04542
1.02865
1.01721
1.01385
1.01941
1.03291
1.05215
1.07418
1.0958
1.11397
1.1263
1.13151
1.12963
1.12177
1.10987
1.09637
1.08402
1.07543
1.07227
1.07449
1.08026
1.08686
1.09204
1.09507
1.09677
1.09876
1.10195
1.1056
1.10749
1.10518
1.09717
1.08352
1.06582
1.04688
1.03004
1.01841
1.01402
1.01721
1.02668
1.04006
1.05466
1.06792
1.07774
1.08266
1.08207
1.07639
1.06703
1.05627
1.0468
1.04106
1.04066
1.04603
1.0564
1.07022
1.08556
1.10042
1.11304
1.12194
1.12598
1.1245
1.11741
1.10519
1.0888
1.0694
1.04826
1.02685
1.0069
0.990279
0.978648
0.972737
0.971936
0.974513
0.978411
0.982143
0.98525
0.988287
0.99239
0.99852
1.00652
1.01482
1.02148
1.02582
1.02922
1.03444
1.04379
1.05756
1.07365
1.08868
1.09925
1.1029
1.09843
1.08614
1.06789
1.04711
1.02842
1.01642
1.01412
1.02197
1.03786
1.05832
1.07976
1.09943
1.11572
1.12819
1.13732
1.14401
1.14901
1.15244
1.15375
1.15202
1.14629
1.13578
1.11995
1.09858
1.07206
1.0418
1.01032
0.981005
0.957297
0.941565
0.93418
0.933547
0.937085
0.942436
0.948153
0.953923
0.960323
0.96851
0.979792
0.995154
1.0147
1.03736
1.06111
1.08361
1.10284
1.11742
1.12662
1.13021
1.1283
1.12123
1.10963
1.0946
1.07793
1.06165
1.04734
1.03547
1.02543
1.01622
1.0073
0.999001
0.992398
0.988553
0.987895
0.98998
0.993778
0.998161
1.00213
1.00486
1.00582
1.0052
1.0044
1.00585
1.012
1.02368
1.03926
1.0557
1.07033
1.08193
1.09055
1.0968
1.10128
1.10434
1.10618
1.10703
1.10718
1.10709
1.10732
1.10835
1.11034
1.11296
1.1156
1.11752
1.11817
1.11732
1.11524
1.11268
1.11066
1.10998
1.1109
1.11311
1.11602
1.11893
1.12107
1.12158
1.11961
1.11454
1.1062
1.09515
1.08252
1.06959
1.05718
1.04517
1.03289
1.02033
1.00928
1.00331
1.00552
1.01572
1.03037
1.04545
1.05876
1.06996
1.07931
1.08679
1.09202
1.09455
1.09413
1.09077
1.08447
1.07526
1.06322
1.0488
1.03317
1.0185
1.00765
1.00313
1.00555
1.01303
1.02189
1.02843
1.03014
1.02617
1.01731
1.00561
0.993663
0.983759
0.977189
0.97444
0.975929
0.982527
0.995085
1.01366
1.03704
1.06294
1.08859
1.11134
1.1293
1.14161
1.14836
1.15021
1.14764
1.14069
1.12912
1.11298
1.09312
1.0712
1.04938
1.02963
1.01333
1.00127
0.993966
0.991542
0.993408
0.998341
1.00502
1.01252
1.02043
1.0285
1.0365
1.04423
1.05164
1.05891
1.06626
1.07358
1.08011
1.08448
1.08535
1.0821
1.07567
1.06854
1.0641
1.06498
1.07148
1.08132
1.09091
1.09688
1.09724
1.09184
1.08192
1.0693
1.05559
1.04211
1.03042
1.02281
1.02182
1.029
1.04363
1.06256
1.08152
1.09667
1.10554
1.10725
1.10213
1.09129
1.07603
1.05746
1.03628
1.01315
0.989086
0.965757
0.945215
0.929244
0.918641
0.913092
0.911814
0.914325
0.920535
0.930021
0.94145
0.953085
0.963916
0.974066
0.984158
0.994486
1.00478
1.01467
1.02413
1.03338
1.04243
1.05049
1.05597
1.05705
1.05249
1.04233
1.02829
1.01364
1.0025
0.998277
1.002
1.01184
1.02423
1.03567
1.04419
1.04996
1.05466
1.06002
1.06665
1.07356
1.07889
1.08083
1.88999
1.86187
1.81806
1.76321
1.70447
1.65033
1.60803
1.58083
1.5673
1.56286
1.562
1.56009
1.55433
1.54432
1.53232
1.52233
1.51811
1.52111
1.52952
1.53919
1.54579
1.54714
1.54415
1.54043
1.54038
1.54663
1.55814
1.57075
1.57989
1.58239
1.57696
1.56402
1.54566
1.52506
1.50547
1.48899
1.47629
1.46715
1.46137
1.45937
1.46201
1.47012
1.48399
1.50293
1.52495
1.54715
1.56672
1.58193
1.5925
1.59919
1.60305
1.60501
1.60609
1.60762
1.61044
1.61353
1.61374
1.60774
1.59417
1.57443
1.55216
1.53174
1.51679
1.50911
1.50834
1.51196
1.51585
1.51556
1.50784
1.49166
1.46839
1.44149
1.41561
1.39603
1.38818
1.39599
1.41847
1.44901
1.47899
1.50202
1.51588
1.52239
1.52574
1.53041
1.53959
1.5549
1.57594
1.59984
1.62157
1.6358
1.63885
1.62954
1.60922
1.58125
1.55064
1.52346
1.50557
1.50091
1.51077
1.5343
1.56914
1.61187
1.65816
1.70325
1.74267
1.77291
1.7919
1.79898
1.79486
1.78152
1.76188
1.73917
1.71579
1.69262
1.66936
1.64591
1.62363
1.60538
1.5942
1.59165
1.59685
1.60664
1.61642
1.6218
1.61989
1.60986
1.59265
1.57058
1.54683
1.52459
1.50603
1.49164
1.48077
1.47289
1.4684
1.46856
1.47484
1.48815
1.50817
1.53321
1.56044
1.58692
1.61094
1.63221
1.65087
1.66634
1.67705
1.68117
1.67788
1.66837
1.65582
1.64409
1.63551
1.62963
1.62372
1.6145
1.60021
1.58181
1.56268
1.54677
1.53668
1.53331
1.53658
1.54568
1.55868
1.5724
1.58337
1.58893
1.58826
1.58245
1.57406
1.56584
1.55936
1.55415
1.54796
1.53767
1.52081
1.49701
1.46921
1.44384
1.42903
1.43076
1.4498
1.48137
1.51735
1.54961
1.57276
1.58481
1.58586
1.5764
1.55748
1.53176
1.50349
1.47647
1.45319
1.43633
1.42907
1.43298
1.44652
1.46612
1.48794
1.50864
1.52536
1.53596
1.53958
1.53717
1.53145
1.52581
1.5225
1.52173
1.52219
1.52262
1.52284
1.52348
1.52498
1.52708
1.52925
1.53146
1.53414
1.53768
1.54194
1.54659
1.55199
1.5595
1.57043
1.58393
1.59699
1.60688
1.61297
1.6166
1.62001
1.62507
1.63253
1.64182
1.65126
1.6587
1.66199
1.65945
1.65016
1.63426
1.61308
1.58851
1.56208
1.53472
1.50769
1.48373
1.46719
1.46262
1.47239
1.49506
1.52585
1.55872
1.58855
1.61236
1.62949
1.64076
1.6473
1.64951
1.64672
1.63798
1.62354
1.60586
1.5894
1.5786
1.57564
1.57969
1.58775
1.59656
1.6043
1.61184
1.62207
1.63738
1.65724
1.67853
1.69783
1.71294
1.72281
1.72687
1.72476
1.71638
1.7022
1.68361
1.6631
1.64412
1.6304
1.62481
1.62819
1.63908
1.65487
1.6735
1.69427
1.71711
1.7416
1.76655
1.78999
1.80933
1.82153
1.82395
1.8157
1.79846
1.77589
1.75182
1.72849
1.70619
1.68378
1.65923
1.63013
1.59555
1.55836
1.52447
1.49786
1.47789
1.46315
1.45556
1.45938
1.47776
1.51039
1.5529
1.59842
1.64007
1.67315
1.69619
1.71054
1.71949
1.72695
1.73581
1.74648
1.75651
1.76144
1.75636
1.73751
1.70414
1.66073
1.61782
1.58838
1.5796
1.58879
1.60823
1.63123
1.65287
1.66829
1.67305
1.66472
1.64375
1.61348
1.57944
1.54761
1.52161
1.50117
1.48392
1.46928
1.46054
1.46242
1.47562
1.49513
1.51477
1.53144
1.54504
1.55579
1.56291
1.56559
1.56474
1.56294
1.56213
1.56202
1.561
1.55809
1.55372
1.54955
1.54886
1.55651
1.57555
1.60329
1.63238
1.65571
1.66945
1.67301
1.66794
1.657
1.64359
1.63123
1.62244
1.61765
1.61491
1.61078
1.60231
1.58887
1.5726
1.55645
1.54158
1.52703
1.51175
1.49578
1.47987
1.46496
1.45202
1.44143
1.43275
1.42566
1.42072
1.41915
1.42193
1.42932
1.44095
1.45624
1.47491
1.49698
1.52131
1.54472
1.56297
1.57283
1.57322
1.56541
1.55271
1.53965
1.53069
1.52874
1.53408
1.54483
1.55882
1.57452
1.59035
1.604
1.61323
1.61711
1.61603
1.61065
1.60162
1.5899
1.57684
1.56356
1.55048
1.53751
1.52464
1.51243
1.50253
1.49756
1.49982
1.50973
1.52543
1.54404
1.56295
1.58056
1.59634
1.61076
1.62475
1.63864
1.6515
1.66199
1.66965
1.67533
1.68016
1.68416
1.68572
1.68254
1.67345
1.66003
1.64677
1.63911
1.64001
1.64788
1.65742
1.66282
1.66117
1.65437
1.64863
1.65084
1.66327
1.68191
1.70012
1.71257
1.71638
1.71114
1.69902
1.68436
1.67199
1.66474
1.66167
1.65835
1.64956
1.63285
1.61128
1.59208
1.58052
1.57461
1.56785
1.55623
1.54084
1.52525
1.5125
1.504
1.4997
1.4988
1.50085
1.50623
1.51476
1.52452
1.53296
1.53961
1.547
1.55876
1.57693
1.60065
1.62685
1.65207
1.67362
1.68976
1.69941
1.7022
1.69855
1.68956
1.67659
1.66085
1.64331
1.62511
1.60832
1.59563
1.58791
1.58168
1.57054
1.54984
1.52118
1.4941
1.4821
1.49236
1.51944
1.55072
1.5751
1.5869
1.58569
1.57489
1.55964
1.54425
1.53082
1.52023
1.51448
1.51692
1.52955
1.55035
1.57324
1.59001
1.59277
1.57891
1.56054
1.56391
1.59829
1.64125
1.67014
1.67964
1.6766
1.67224
1.67342
1.6779
1.68003
1.67701
1.66892
1.65616
1.63867
1.61636
1.5898
1.56054
1.53132
1.50581
1.48789
1.48079
1.48667
1.50603
1.53689
1.57505
1.61526
1.65179
1.67951
1.69603
1.70266
1.70334
1.70251
1.70347
1.70775
1.71529
1.72487
1.73448
1.7416
1.74397
1.74056
1.73198
1.71978
1.70491
1.68724
1.66672
1.64477
1.62472
1.61048
1.60382
1.60281
1.60346
1.60294
1.60077
1.59776
1.59466
1.5918
1.58965
1.58893
1.58973
1.59059
1.58886
1.58248
1.57129
1.55722
1.54369
1.53422
1.53068
1.53227
1.5359
1.53826
1.53787
1.53574
1.53441
1.53629
1.54246
1.55205
1.56272
1.57222
1.58
1.58728
1.59525
1.60281
1.60629
1.60237
1.59232
1.58359
1.58516
1.59933
1.62026
1.64023
1.65419
1.65972
1.65604
1.64391
1.62578
1.60495
1.5839
1.56289
1.54068
1.51743
1.49698
1.48511
1.48531
1.49673
1.51551
1.5363
1.55333
1.5619
1.56036
1.55093
1.53858
1.5286
1.52385
1.52384
1.52616
1.52928
1.5346
1.5457
1.56509
1.59206
1.62459
1.66121
1.69937
1.73421
1.76042
1.77468
1.77624
1.76612
1.74595
1.71734
1.68244
1.64519
1.61081
1.58333
1.5633
1.54773
1.53194
1.51263
1.49139
1.47612
1.47575
1.49131
1.51452
1.53472
1.54477
1.5424
1.52941
1.51104
1.49454
1.48648
1.4898
1.50333
1.52372
1.54758
1.57202
1.59419
1.61099
1.61911
1.61574
1.59981
1.57307
1.5408
1.51128
1.49354
1.49364
1.51114
1.5391
1.56787
1.5899
1.60239
1.60711
1.60835
1.61025
1.61504
1.62294
1.633
1.64366
1.6534
1.66175
1.66945
1.67777
1.68769
1.69927
1.71153
1.72242
1.72914
1.72916
1.72138
1.70661
1.68696
1.66482
1.64233
1.62126
1.6034
1.59071
1.58461
1.58472
1.58843
1.59251
1.59509
1.59599
1.59575
1.59452
1.59202
1.58829
1.5843
1.58168
1.58145
1.58322
1.58524
1.58505
1.58004
1.56798
1.54826
1.52421
1.50447
1.49827
1.5061
1.51896
1.52783
1.52913
1.52367
1.51459
1.50675
1.50597
1.51667
1.53902
1.56844
1.59823
1.62295
1.64
1.64917
1.65117
1.64636
1.63433
1.61436
1.58648
1.55274
1.51767
1.48703
1.46536
1.45428
1.4532
1.46146
1.47889
1.50429
1.53433
1.56441
1.59003
1.60781
1.61563
1.61287
1.6008
1.58309
1.56593
1.55649
1.55909
1.57178
1.58746
1.59901
1.60372
1.60375
1.60309
1.60379
1.60465
1.60307
1.5974
1.58806
1.57714
1.5666
1.55615
1.54353
1.52688
1.50714
1.48851
1.47661
1.47543
1.48521
1.50275
1.5234
1.5429
1.55857
1.56931
1.57533
1.57775
1.57804
1.57776
1.57827
1.58087
1.58665
1.5958
1.60713
1.61858
1.62836
1.6356
1.63998
1.6412
1.63956
1.63684
1.63598
1.63929
1.64688
1.65647
1.66453
1.66747
1.66226
1.64729
1.62377
1.59644
1.57163
1.55344
1.54234
1.53717
1.53765
1.54491
1.55963
1.57986
1.60114
1.61888
1.63097
1.63897
1.64687
1.65852
1.67529
1.69555
1.71632
1.73476
1.74844
1.75537
1.75422
1.74449
1.72646
1.70184
1.67453
1.65027
1.63497
1.63199
1.6396
1.65143
1.66036
1.66187
1.65439
1.63813
1.61435
1.58559
1.5559
1.52908
1.50708
1.49173
1.48591
1.48993
1.49902
1.50698
1.51123
1.5137
1.5183
1.52827
1.54503
1.56737
1.59102
1.60964
1.6178
1.61319
1.59667
1.57046
1.53644
1.49616
1.45315
1.41516
1.39264
1.39303
1.41632
1.45596
1.50243
1.54627
1.58
1.59943
1.60412
1.59652
1.58051
1.55981
1.53697
1.51312
1.48843
1.46294
1.43707
1.41141
1.38649
1.36308
1.34291
1.3293
1.3266
1.33771
1.36208
1.39632
1.43661
1.48
1.52407
1.56634
1.60395
1.63378
1.653
1.66056
1.65844
1.65139
1.64448
1.63998
1.6367
1.63187
1.62379
1.61363
1.60515
1.6024
1.60722
1.61884
1.63503
1.65294
1.6692
1.68024
1.68325
1.67697
1.66185
1.63976
1.61363
1.58672
1.56191
1.54101
1.52436
1.51121
1.50069
1.49283
1.48906
1.49158
1.50142
1.51644
1.53146
1.54115
1.54286
1.53719
1.52671
1.51488
1.50536
1.50113
1.50341
1.51134
1.52261
1.53471
1.54597
1.55598
1.56505
1.57368
1.58244
1.59234
1.6047
1.61988
1.63658
1.91352
1.92217
1.92531
1.92373
1.91787
1.90759
1.89306
1.87563
1.85787
1.8427
1.8322
1.8269
1.82607
1.82818
1.83131
1.83329
1.83205
1.8259
1.81393
1.79639
1.77528
1.75378
1.73496
1.72085
1.71256
1.71045
1.71359
1.72002
1.7283
1.73773
1.74623
1.74942
1.74272
1.72481
1.69951
1.67563
1.66374
1.67134
1.69905
1.74036
1.78486
1.82261
1.84721
1.85634
1.85073
1.83236
1.80352
1.76721
1.72823
1.69303
1.66734
1.65359
1.6512
1.65851
1.67369
1.69415
1.71672
1.73849
1.75735
1.77198
1.7824
1.79052
1.79922
1.81032
1.82317
1.83499
1.84176
1.83927
1.82437
1.79733
1.76516
1.74174
1.73885
1.75385
1.77173
1.77858
1.76831
1.74071
1.69883
1.64833
1.59726
1.55484
1.52914
1.52488
1.54245
1.57727
1.62004
1.65993
1.68938
1.70658
1.71426
1.71644
1.71538
1.71054
1.69977
1.68118
1.65475
1.62319
1.59218
1.56951
1.56278
1.57627
1.60861
1.65314
1.70034
1.74067
1.76676
1.7748
1.76542
1.74344
1.71583
1.68838
1.66408
1.64488
1.63325
1.63082
1.63642
1.64709
1.66028
1.67438
1.68809
1.70064
1.71207
1.72253
1.73113
1.73556
1.73265
1.72003
1.69842
1.67276
1.65077
1.63948
1.64172
1.65531
1.67522
1.69582
1.71182
1.71853
1.71319
1.69704
1.67676
1.6627
1.66297
1.6781
1.70227
1.72857
1.75233
1.77087
1.78266
1.78689
1.78318
1.77134
1.75198
1.72812
1.70575
1.69192
1.69096
1.70213
1.72056
1.73967
1.75367
1.75946
1.75806
1.75483
1.75697
1.7692
1.79033
1.81426
1.8337
1.84371
1.84289
1.83273
1.81629
1.79691
1.77746
1.75994
1.74544
1.73452
1.72836
1.7301
1.74304
1.76577
1.79045
1.8085
1.8163
1.81519
1.8079
1.79631
1.78224
1.76906
1.76095
1.76011
1.76553
1.77433
1.78361
1.79091
1.79381
1.78994
1.77727
1.75462
1.72351
1.69219
1.67618
1.68398
1.70487
1.72349
1.73701
1.75252
1.77469
1.79957
1.81936
1.82895
1.8273
1.81579
1.79718
1.77557
1.7558
1.74121
1.73201
1.72691
1.72617
1.73216
1.74674
1.7684
1.79228
1.81282
1.82655
1.83297
1.83365
1.83129
1.82887
1.82824
1.82905
1.82917
1.82666
1.8212
1.81407
1.80676
1.79958
1.79099
1.77814
1.75849
1.7321
1.70321
1.6795
1.66862
1.67393
1.69282
1.71871
1.74443
1.76471
1.77686
1.78025
1.77558
1.76463
1.75065
1.73876
1.73442
1.73984
1.75196
1.76522
1.77609
1.7846
1.79237
1.79982
1.80468
1.80332
1.79282
1.77243
1.74352
1.70877
1.67201
1.63787
1.61064
1.59245
1.58233
1.57717
1.57443
1.57402
1.57758
1.58604
1.59821
1.61146
1.62376
1.63571
1.6502
1.66915
1.69111
1.71302
1.73311
1.75153
1.7691
1.78582
1.79965
1.80638
1.80082
1.77969
1.74614
1.71439
1.70514
1.72583
1.7628
1.79861
1.82508
1.84292
1.85861
1.87983
1.90679
1.92995
1.93931
1.93227
1.91317
1.88931
1.86746
1.85201
1.84438
1.84361
1.84709
1.85105
1.85128
1.84469
1.83177
1.81856
1.81353
1.81918
1.82943
1.83691
1.83811
1.83226
1.81916
1.79858
1.7709
1.73768
1.70146
1.66517
1.63178
1.60417
1.5849
1.57686
1.58399
1.61012
1.65544
1.71344
1.77232
1.82047
1.85093
1.86209
1.85639
1.83879
1.81546
1.79216
1.77232
1.75586
1.73987
1.7215
1.70104
1.68216
1.6682
1.65886
1.65181
1.64586
1.64166
1.64131
1.64888
1.66928
1.70301
1.74266
1.77692
1.79713
1.80006
1.78753
1.76499
1.73907
1.71427
1.69119
1.6678
1.64234
1.61499
1.58742
1.56172
1.54001
1.52466
1.5179
1.52036
1.52986
1.5419
1.55251
1.56189
1.57544
1.59902
1.63247
1.67034
1.70782
1.74306
1.77473
1.80038
1.81695
1.82321
1.82166
1.81841
1.82071
1.83283
1.8532
1.87551
1.8921
1.89699
1.88727
1.86422
1.83413
1.80682
1.7908
1.78811
1.79436
1.80295
1.80876
1.80923
1.80443
1.79584
1.78359
1.76531
1.73897
1.70612
1.67211
1.64479
1.6322
1.63818
1.65931
1.68847
1.72015
1.7511
1.77847
1.79928
1.8117
1.81569
1.81163
1.79901
1.77745
1.74931
1.72094
1.70043
1.69283
1.69662
1.70521
1.71228
1.71555
1.71658
1.71878
1.72573
1.73969
1.75936
1.77879
1.78992
1.78716
1.77014
1.74306
1.71168
1.6805
1.6512
1.62335
1.59842
1.5839
1.59009
1.61996
1.66521
1.71352
1.75545
1.78587
1.80244
1.80445
1.79281
1.77023
1.74106
1.71005
1.6811
1.65685
1.6392
1.62983
1.6299
1.63913
1.65529
1.67458
1.69257
1.70539
1.71061
1.7078
1.6984
1.68507
1.67083
1.65839
1.65007
1.64825
1.65508
1.67117
1.69417
1.71883
1.73937
1.75227
1.75752
1.75817
1.75861
1.76242
1.77088
1.78274
1.79528
1.80582
1.81306
1.81763
1.82173
1.82829
1.83954
1.85539
1.87274
1.88676
1.89283
1.8878
1.87019
1.84105
1.80637
1.77711
1.76129
1.7556
1.74992
1.73783
1.72116
1.70787
1.70613
1.71929
1.74505
1.77721
1.80793
1.83041
1.8412
1.84055
1.83131
1.81707
1.80084
1.78459
1.76942
1.75585
1.74394
1.73324
1.72258
1.7105
1.69677
1.68364
1.67526
1.67496
1.68279
1.69573
1.7096
1.72068
1.72666
1.72754
1.72548
1.72346
1.72375
1.72741
1.73411
1.74231
1.74963
1.7542
1.75619
1.75758
1.76003
1.76341
1.76621
1.76636
1.76195
1.75269
1.74182
1.73563
1.73942
1.7536
1.77413
1.79602
1.81554
1.83077
1.84108
1.84609
1.84575
1.8413
1.83524
1.82962
1.82471
1.81931
1.81193
1.80171
1.78894
1.77535
1.76329
1.75439
1.74828
1.74265
1.73454
1.7219
1.70457
1.68454
1.66604
1.65432
1.65357
1.66503
1.68633
1.71184
1.73439
1.74751
1.7468
1.73099
1.70354
1.67273
1.64818
1.6361
1.63819
1.65341
1.67814
1.70483
1.72381
1.72798
1.71549
1.69088
1.6662
1.65689
1.66883
1.69334
1.7188
1.73974
1.75559
1.76707
1.77474
1.7792
1.78122
1.78162
1.78084
1.77879
1.77491
1.76895
1.76203
1.75698
1.75675
1.76216
1.7721
1.78548
1.80179
1.81998
1.83748
1.85025
1.85385
1.84507
1.82351
1.79273
1.76041
1.73586
1.72515
1.72771
1.73881
1.75525
1.77732
1.80587
1.83868
1.86996
1.89269
1.90135
1.89332
1.86975
1.83574
1.79976
1.77096
1.7546
1.74907
1.74822
1.74583
1.73813
1.7236
1.70266
1.67742
1.65137
1.62832
1.61173
1.6046
1.60921
1.62599
1.65254
1.68393
1.7141
1.73729
1.74948
1.75043
1.74435
1.73873
1.74113
1.75553
1.78043
1.80998
1.83738
1.85745
1.86725
1.86556
1.85218
1.8276
1.79311
1.75094
1.7044
1.65767
1.61571
1.58397
1.56736
1.56874
1.58723
1.61785
1.65278
1.68386
1.7054
1.71608
1.71961
1.72244
1.72843
1.7355
1.73882
1.73677
1.73207
1.7276
1.72244
1.71299
1.69689
1.67469
1.64888
1.622
1.59613
1.57354
1.55742
1.55148
1.55838
1.57854
1.61019
1.64975
1.69191
1.7298
1.75656
1.76753
1.76304
1.7506
1.74222
1.74521
1.75725
1.77236
1.78599
1.79444
1.79476
1.78592
1.76895
1.74608
1.71974
1.69221
1.66614
1.64469
1.63081
1.6263
1.63145
1.64503
1.66509
1.69006
1.71928
1.75231
1.78785
1.82315
1.85427
1.87677
1.88655
1.88096
1.86008
1.82792
1.792
1.75952
1.73264
1.70868
1.68496
1.66329
1.65034
1.65238
1.66903
1.69349
1.71748
1.73465
1.74143
1.73743
1.72592
1.7135
1.70756
1.71147
1.72221
1.734
1.7426
1.74595
1.74312
1.73463
1.72495
1.72395
1.74073
1.77292
1.80863
1.83776
1.85566
1.86052
1.85236
1.83372
1.80994
1.78775
1.77274
1.76746
1.77121
1.78125
1.7943
1.80751
1.8187
1.82591
1.82702
1.82022
1.80532
1.78449
1.76164
1.74089
1.72558
1.71751
1.71575
1.7163
1.71412
1.70627
1.69382
1.68121
1.67371
1.67436
1.68266
1.69598
1.71197
1.7291
1.74478
1.75388
1.75072
1.73243
1.70051
1.65964
1.61548
1.57376
1.54035
1.52032
1.51558
1.52325
1.53694
1.55037
1.56061
1.56859
1.5774
1.58928
1.60352
1.61773
1.63184
1.64926
1.67254
1.69927
1.72364
1.7406
1.74793
1.7459
1.73622
1.72128
1.70416
1.68904
1.68045
1.68039
1.68584
1.69038
1.68905
1.68151
1.67147
1.66397
1.66294
1.67023
1.68593
1.70942
1.74035
1.77805
1.81965
1.85981
1.89292
1.91585
1.92866
1.93355
1.93325
1.93001
1.92506
1.91844
1.90886
1.89419
1.87255
1.84355
1.80903
1.77315
1.74216
1.72314
1.71995
1.72828
1.73807
1.74316
1.74616
1.7545
1.77274
1.7981
1.82252
1.83802
1.84003
1.82727
1.80044
1.76197
1.71692
1.6734
1.64035
1.62338
1.6218
1.62945
1.63938
1.64771
1.6537
1.65746
1.65859
1.65687
1.65337
1.65069
1.65224
1.65985
1.67099
1.68122
1.68896
1.69567
1.70266
1.70963
1.71534
1.71867
1.71907
1.71652
1.71117
1.70341
1.69429
1.68588
1.68084
1.68161
1.68997
1.70631
1.72826
1.74994
1.76396
1.76489
1.75145
1.72638
1.69514
1.66437
1.64005
1.62575
1.62236
1.62975
1.6477
1.67405
1.70299
1.72694
1.73997
1.73921
1.7248
1.69936
1.66732
1.63387
1.60369
1.5795
1.56176
1.54974
1.54299
1.542
1.54796
1.562
1.58438
1.6137
1.64657
1.67782
1.70177
1.71409
1.71362
1.70385
1.69251
1.68873
1.69802
1.71918
1.74624
1.77326
1.79646
1.81271
1.81793
1.80769
1.77996
1.73882
1.69569
1.66333
1.64691
1.644
1.9044
1.91474
1.93178
1.95354
1.97482
1.99004
1.9968
1.99738
1.99614
1.99451
1.9887
1.9727
1.94349
1.90451
1.86534
1.83709
1.8255
1.82851
1.84006
1.85473
1.86987
1.88614
1.90666
1.9331
1.9621
1.98665
2.00053
2.00049
1.98645
1.96125
1.92949
1.89559
1.86263
1.83413
1.81703
1.8202
1.84501
1.88028
1.91218
1.93472
1.94943
1.95971
1.96684
1.96919
1.96387
1.94895
1.92536
1.8983
1.87626
1.8673
1.87435
1.89423
1.92074
1.94751
1.96916
1.98175
1.98286
1.97161
1.94912
1.9194
1.88894
1.86415
1.84876
1.84375
1.84895
1.86373
1.88597
1.91166
1.93643
1.95717
1.97175
1.97758
1.97249
1.95715
1.9357
1.91364
1.89464
1.87946
1.86751
1.85891
1.85466
1.85562
1.8616
1.87136
1.88349
1.8968
1.90983
1.92058
1.92755
1.93075
1.93093
1.92712
1.91564
1.8925
1.85817
1.82155
1.79909
1.80586
1.84388
1.90102
1.96177
2.01569
2.05803
2.08676
2.10059
2.09972
2.08767
2.07164
2.05896
2.05191
2.04719
2.04113
2.03243
2.02061
2.00556
1.98887
1.97408
1.96489
1.96314
1.96726
1.97209
1.97056
1.9577
1.93511
1.91218
1.90179
1.91166
1.93878
1.97254
2.00247
2.02258
2.03032
2.02455
2.00581
1.97749
1.94421
1.90872
1.87175
1.83505
1.80273
1.78097
1.77618
1.78884
1.81101
1.83368
1.8538
1.87305
1.89328
1.91398
1.93272
1.94693
1.95549
1.95954
1.96244
1.9684
1.97979
1.99533
2.01198
2.02808
2.04391
2.05955
2.07369
2.08449
2.09077
2.09142
2.08417
2.06648
2.03786
2.00141
1.96324
1.92881
1.89934
1.87301
1.84963
1.8322
1.82373
1.82406
1.83026
1.83908
1.84825
1.85597
1.86036
1.85981
1.85377
1.84318
1.82978
1.81589
1.80619
1.80879
1.83048
1.86942
1.9162
1.96136
1.99926
2.02726
2.04441
2.05123
2.04924
2.03999
2.02414
2.00161
1.97315
1.94239
1.91631
1.90274
1.90603
1.92494
1.95415
1.9865
2.01417
2.02993
2.02965
2.01538
1.99697
1.98843
1.99712
2.01614
2.03138
2.03376
2.02321
2.00523
1.98596
1.96896
1.95479
1.94225
1.92999
1.91737
1.90483
1.89448
1.89081
1.89991
1.92473
1.95981
1.99433
2.01971
2.03224
2.03124
2.01719
1.99305
1.96677
1.95
1.95172
1.97075
1.99413
2.00624
1.99907
1.97504
1.94217
1.90609
1.86744
1.82838
1.79787
1.7874
1.8037
1.84614
1.90705
1.97209
2.02483
2.05417
2.05711
2.03617
1.99675
1.94736
1.89903
1.85899
1.82791
1.80957
1.81515
1.84766
1.8931
1.93287
1.95631
1.96219
1.95528
1.94266
1.93094
1.92369
1.92104
1.92187
1.92565
1.93198
1.93941
1.94555
1.94807
1.9461
1.94114
1.93603
1.93192
1.92681
1.91724
1.90057
1.87573
1.84278
1.80272
1.75773
1.71208
1.67332
1.65056
1.64907
1.66745
1.70044
1.74174
1.78452
1.82263
1.85278
1.87432
1.88697
1.88978
1.8831
1.87142
1.86303
1.86492
1.87783
1.89688
1.91585
1.93051
1.93916
1.94149
1.93711
1.92553
1.90926
1.89733
1.9019
1.92658
1.96137
1.9923
2.01173
2.02001
2.02204
2.02237
2.02195
2.01873
2.01092
1.99835
1.98138
1.95959
1.93189
1.8982
1.86197
1.83192
1.8178
1.82184
1.83772
1.85719
1.87369
1.88288
1.88296
1.87471
1.86077
1.84463
1.82944
1.81789
1.81285
1.81769
1.83582
1.8707
1.92307
1.98478
2.04144
2.08322
2.10871
2.12098
2.12257
2.1138
2.09373
2.06202
2.02057
1.9738
1.92741
1.88678
1.85763
1.84695
1.85737
1.88008
1.90056
1.91004
1.90822
1.89894
1.88603
1.87122
1.85493
1.83885
1.82733
1.82389
1.82747
1.83469
1.84583
1.86601
1.89981
1.94547
1.99491
2.03908
2.07272
2.09574
2.11103
2.11921
2.11512
2.09075
2.04202
1.97407
1.90427
1.86274
1.873
1.92198
1.97611
2.01616
2.03907
2.04636
2.03863
2.01602
1.98092
1.93989
1.90133
1.86997
1.84556
1.82766
1.81849
1.82074
1.8358
1.86121
1.88916
1.9111
1.92193
1.91918
1.90196
1.87253
1.83778
1.80781
1.79164
1.79296
1.80937
1.8358
1.86825
1.90421
1.94007
1.96995
1.98834
1.99406
1.99163
1.98805
1.98772
1.99109
1.99893
2.01472
2.03751
2.05732
2.06403
2.05532
2.03508
2.0087
1.98098
1.95571
1.93532
1.9208
1.91228
1.9093
1.91149
1.92014
1.93669
1.95911
1.98139
1.99702
2.00277
1.99926
1.98903
1.97485
1.95928
1.94423
1.92978
1.91408
1.89609
1.87816
1.86545
1.86225
1.86849
1.87925
1.88856
1.89457
1.90126
1.91455
1.9366
1.9636
1.98869
2.00672
2.01731
2.02416
2.0315
2.0409
2.05111
2.06023
2.06706
2.0706
2.06874
2.0583
2.03673
2.00442
1.96624
1.93076
1.90659
1.89783
1.90254
1.91521
1.92986
1.94136
1.94558
1.93948
1.9221
1.89699
1.87357
1.86333
1.87243
1.8979
1.93103
1.96281
1.9871
2.00202
2.00983
2.01407
2.01537
2.01073
1.99653
1.97179
1.9395
1.9062
1.88013
1.86793
1.8704
1.88165
1.89408
1.90351
1.91016
1.9167
1.92608
1.94008
1.95888
1.98113
2.00421
2.02476
2.03982
2.04754
2.04692
2.03694
2.01606
1.98285
1.93878
1.89168
1.85481
1.83778
1.83972
1.85413
1.8762
1.90308
1.93094
1.95441
1.96931
1.97507
1.97444
1.97077
1.96575
1.95955
1.95214
1.94298
1.92982
1.91015
1.88516
1.86207
1.85184
1.86197
1.89011
1.92587
1.9583
1.98071
1.99101
1.99042
1.98152
1.966
1.94308
1.91127
1.87435
1.8452
1.83622
1.84366
1.85051
1.84302
1.81855
1.7825
1.74329
1.70927
1.68695
1.67989
1.68892
1.71276
1.7483
1.79117
1.83735
1.88405
1.92909
1.9697
2.00239
2.02407
2.03342
2.03199
2.02458
2.01778
2.01616
2.01888
2.02136
2.02012
2.01484
2.00629
1.99443
1.97903
1.96167
1.94601
1.93589
1.93291
1.93543
1.93973
1.94189
1.93919
1.93074
1.91793
1.90471
1.89647
1.89753
1.90882
1.92712
1.9464
1.96056
1.96598
1.96241
1.95245
1.9409
1.93305
1.932
1.93819
1.95165
1.97201
1.99588
2.01746
2.03254
2.04036
2.04247
2.04172
2.04197
2.04692
2.05832
2.0746
2.09114
2.10208
2.10226
2.08895
2.06262
2.02698
1.98805
1.95238
1.925
1.90786
1.90103
1.90567
1.92434
1.95644
1.99363
2.0234
2.03751
2.03521
2.02068
2.00033
1.98216
1.97437
1.98131
2.00081
2.02587
2.04888
2.06471
2.07104
2.06712
2.05277
2.02885
1.99841
1.96752
1.94431
1.9357
1.94384
1.96518
1.99261
2.01846
2.0359
2.03956
2.02585
1.99358
1.94463
1.88553
1.82974
1.79478
1.79134
1.81517
1.85198
1.88773
1.91429
1.93064
1.94041
1.94764
1.95362
1.95675
1.95501
1.94806
1.93729
1.92468
1.91239
1.903
1.89989
1.90625
1.92303
1.9477
1.975
1.99903
2.01553
2.02288
2.02187
2.01485
2.00494
1.99518
1.98756
1.98291
1.98182
1.98529
1.99418
2.00843
2.02683
2.04734
2.06713
2.08236
2.08872
2.08304
2.06541
2.04035
2.01541
1.99735
1.98856
1.98639
1.98519
1.97925
1.96533
1.94453
1.92278
1.90903
1.9107
1.92869
1.95598
1.98201
1.99878
2.00328
1.99699
1.98416
1.96995
1.95901
1.95525
1.96131
1.97611
1.99321
2.00375
2.00042
1.97925
1.93968
1.88485
1.82252
1.76539
1.72787
1.71924
1.73838
1.77514
1.81629
1.85072
1.87162
1.87728
1.87123
1.86126
1.85649
1.86376
1.88495
1.91605
1.94827
1.97188
1.98013
1.9707
1.94627
1.91669
1.89864
1.90326
1.92222
1.93603
1.93202
1.90957
1.87543
1.83817
1.80543
1.7825
1.7711
1.76935
1.77382
1.78262
1.79653
1.81772
1.84773
1.88602
1.92968
1.97388
2.01285
2.04132
2.05601
2.05659
2.04513
2.02458
1.9974
1.96614
1.93483
1.90902
1.8935
1.88942
1.89295
1.89708
1.89727
1.89736
1.90643
1.92556
1.94549
1.95838
1.96272
1.95915
1.9469
1.92442
1.89262
1.8577
1.83023
1.81965
1.82774
1.84833
1.87293
1.89495
1.90983
1.91428
1.90706
1.89028
1.86949
1.85171
1.84285
1.84623
1.86289
1.89153
1.92753
1.96309
1.99011
2.00363
2.00242
1.98817
1.96518
1.94027
1.92087
1.91195
1.91374
1.92129
1.92614
1.92024
1.89979
1.8668
1.82802
1.79259
1.76868
1.76044
1.76759
1.78746
1.817
1.85203
1.88611
1.91251
1.92773
1.93284
1.93199
1.92923
1.92549
1.91801
1.90351
1.88269
1.86145
1.84637
1.83854
1.83307
1.82457
1.81336
1.80615
1.80918
1.82144
1.83729
1.85358
1.87111
1.89117
1.91211
1.92956
1.93956
1.94091
1.93508
1.92526
1.91558
1.91014
1.91141
1.9192
1.93106
1.94406
1.95642
1.96805
1.97981
1.99207
2.00377
2.01272
2.01629
2.01162
1.99626
1.97005
1.93608
1.89933
1.86456
1.83486
1.81195
1.79689
1.78946
1.78702
1.78507
1.77987
1.77096
1.76148
1.75638
1.75967
1.77223
1.79159
1.81342
1.83332
1.84817
1.85685
1.86057
1.86298
1.86788
1.87445
1.87634
1.86818
1.85154
1.83413
1.82461
1.82767
1.84201
1.86164
1.87976
1.89292
1.90251
1.91249
1.92543
1.94042
1.95353
1.95962
1.95427
1.9354
1.90416
1.86569
1.82974
1.80799
1.80611
1.81915
1.83713
1.85278
1.86364
1.86956
1.87064
1.86884
1.86933
1.87704
1.89143
1.90751
1.92123
1.93142
1.9375
1.93835
1.93417
1.92751
1.92163
1.91775
1.91417
1.90779
1.89704
1.88399
1.87415
1.87372
1.88593
1.90931
1.93887
1.96859
1.99333
2.00951
2.01527
2.01072
1.99812
1.88364
1.87032
1.86498
1.86844
1.87786
1.88883
1.89746
1.90114
1.89916
1.89267
1.88421
1.87774
1.8778
1.88671
1.9028
1.92113
1.93595
1.94329
1.94294
1.93808
1.93277
1.92925
1.92749
1.92673
1.92683
1.92865
1.93362
1.94246
1.95439
1.96736
1.97895
1.98711
1.99026
1.98726
1.97758
1.96168
1.94118
1.91932
1.90102
1.8916
1.8933
1.90291
1.91358
1.91954
1.91927
1.91485
1.90909
1.90294
1.89502
1.88315
1.86606
1.84389
1.81699
1.78453
1.74577
1.704
1.66797
1.64607
1.63855
1.63858
1.64011
1.64229
1.64809
1.66026
1.67826
1.69844
1.71764
1.73656
1.75996
1.79262
1.83376
1.87542
1.9077
1.92464
1.92529
1.91208
1.88968
1.8641
1.84171
1.82716
1.82043
1.81672
1.81126
1.80359
1.79707
1.7959
1.80288
1.81854
1.84162
1.8696
1.89788
1.91937
1.92642
1.91567
1.8921
1.86658
1.84777
1.83841
1.83858
1.84804
1.86588
1.89072
1.92102
1.95359
1.98158
1.99539
1.98762
1.95858
1.91804
1.87993
1.85378
1.84103
1.83843
1.84318
1.85487
1.87387
1.8989
1.92628
1.95107
1.96901
1.97812
1.97896
1.97325
1.96257
1.94875
1.93412
1.92047
1.90731
1.89194
1.87186
1.84737
1.82179
1.79976
1.78468
1.7772
1.77579
1.77896
1.78753
1.8036
1.82604
1.84927
1.86782
1.88014
1.8887
1.8977
1.90993
1.9246
1.93824
1.94813
1.95286
1.95065
1.94028
1.92402
1.90712
1.89371
1.88418
1.87622
1.86646
1.85192
1.83131
1.80591
1.77921
1.75616
1.74385
1.75109
1.78118
1.82477
1.86702
1.89891
1.91871
1.9279
1.92774
1.91807
1.89803
1.86756
1.82984
1.79385
1.77153
1.76687
1.77205
1.77861
1.78491
1.79283
1.80369
1.81714
1.83089
1.84124
1.84521
1.84268
1.83612
1.82853
1.82159
1.81544
1.80878
1.79938
1.78606
1.77142
1.76225
1.76516
1.78052
1.80223
1.82341
1.84009
1.85013
1.85069
1.83864
1.81465
1.78602
1.76258
1.74887
1.74288
1.74033
1.73836
1.73649
1.73616
1.73941
1.74789
1.76265
1.78345
1.80785
1.83168
1.85105
1.86398
1.87074
1.87291
1.87166
1.86687
1.85754
1.84337
1.82622
1.81023
1.79972
1.79681
1.8002
1.80664
1.81366
1.82072
1.82741
1.8315
1.8296
1.81903
1.79859
1.76964
1.7376
1.71187
1.70171
1.70997
1.73059
1.7535
1.77194
1.78404
1.78821
1.77996
1.75631
1.72238
1.69122
1.67588
1.68173
1.70476
1.73472
1.76034
1.77411
1.77485
1.76731
1.75872
1.75393
1.75339
1.75482
1.7555
1.75383
1.75121
1.75135
1.7577
1.77298
1.7985
1.83156
1.86484
1.88976
1.89989
1.89299
1.87207
1.84574
1.82524
1.81782
1.82184
1.82966
1.8348
1.83603
1.83656
1.84057
1.84983
1.863
1.87663
1.88677
1.8901
1.88521
1.87324
1.85689
1.83849
1.81917
1.80001
1.78379
1.77497
1.77694
1.78914
1.80735
1.82633
1.84168
1.8504
1.85111
1.84438
1.83271
1.81975
1.80921
1.80427
1.80686
1.81757
1.83563
1.85826
1.87998
1.89517
1.90189
1.90205
1.89792
1.89135
1.88533
1.88199
1.87927
1.87269
1.8605
1.84583
1.83496
1.83384
1.84569
1.8705
1.90533
1.9448
1.98232
2.01165
2.02875
2.03252
2.02435
2.0067
1.98192
1.95201
1.91927
1.88689
1.85755
1.83131
1.80522
1.77532
1.73951
1.69977
1.66297
1.63856
1.63338
1.64843
1.67884
1.71573
1.75051
1.77952
1.80521
1.83293
1.86259
1.88371
1.88384
1.86048
1.82461
1.79432
1.78227
1.78878
1.80742
1.83221
1.85799
1.87914
1.89123
1.89237
1.88285
1.8648
1.84226
1.82079
1.80655
1.80453
1.8161
1.83851
1.86768
1.90042
1.93411
1.96532
1.9896
2.0029
2.00294
1.98959
1.96503
1.93414
1.90423
1.88274
1.87363
1.87637
1.88776
1.90381
1.92052
1.93522
1.94772
1.95936
1.97031
1.97834
1.97987
1.97142
1.95024
1.915
1.86737
1.81449
1.76987
1.7475
1.75083
1.77039
1.79376
1.81403
1.82984
1.84258
1.85465
1.86695
1.87669
1.87821
1.86697
1.8429
1.81171
1.7836
1.76861
1.77078
1.78525
1.80123
1.80871
1.80382
1.78978
1.77372
1.76195
1.75724
1.759
1.76472
1.7713
1.77638
1.77934
1.78064
1.77935
1.77294
1.76156
1.75356
1.7639
1.80162
1.86197
1.93299
2.00317
2.06335
2.10763
2.13394
2.14329
2.13825
2.12197
2.09763
2.06818
2.03619
2.00408
1.97443
1.94996
1.93324
1.9263
1.92986
1.94199
1.95797
1.97215
1.98005
1.979
1.96824
1.94899
1.92426
1.89794
1.87321
1.85204
1.83594
1.82598
1.82148
1.81972
1.81787
1.81528
1.8142
1.81809
1.82877
1.84479
1.8628
1.88046
1.89768
1.91588
1.93614
1.95795
1.97869
1.99399
1.99899
1.98995
1.96599
1.93018
1.8891
1.85096
1.82316
1.81049
1.81382
1.82978
1.85263
1.87659
1.89677
1.90954
1.91328
1.90903
1.90016
1.89048
1.88269
1.87879
1.88137
1.8923
1.91004
1.92891
1.94168
1.94284
1.9305
1.90639
1.87539
1.84451
1.82097
1.80939
1.80976
1.81807
1.82929
1.84011
1.84919
1.85594
1.85916
1.85705
1.84833
1.83365
1.81631
1.80194
1.79717
1.80646
1.82812
1.8541
1.87568
1.88952
1.89872
1.90841
1.91956
1.92788
1.92812
1.91764
1.89687
1.86857
1.83707
1.80723
1.78274
1.76463
1.75191
1.74432
1.74355
1.75098
1.76431
1.77786
1.78645
1.78805
1.7838
1.77689
1.77114
1.76908
1.77068
1.77444
1.77946
1.78644
1.79735
1.81374
1.83465
1.85651
1.87618
1.89435
1.91515
1.94095
1.96857
1.99188
2.00599
2.00863
1.99997
1.98258
1.96082
1.93976
1.92408
1.91716
1.9203
1.93223
1.94958
1.96863
1.98682
2.00342
2.01895
2.03442
2.05051
2.06711
2.08334
2.09782
2.10924
2.11652
2.11924
2.11777
2.11268
2.10374
2.0893
2.06717
2.0365
1.99888
1.95814
1.91884
1.88485
1.85905
1.84288
1.83549
1.83387
1.83494
1.83794
1.84434
1.85563
1.87138
1.88899
1.90465
1.91495
1.91832
1.91571
1.91031
1.90684
1.90977
1.91936
1.92957
1.93235
1.92249
1.8992
1.86462
1.82215
1.77564
1.72941
1.68802
1.65531
1.63359
1.6236
1.62496
1.63621
1.65501
1.67878
1.70532
1.73214
1.75622
1.77539
1.78972
1.80064
1.80861
1.812
1.80846
1.79673
1.77773
1.75496
1.73449
1.72329
1.72528
1.73873
1.75891
1.78222
1.80651
1.82873
1.84395
1.84749
1.83825
1.8204
1.80159
1.78836
1.78366
1.78763
1.79861
1.81328
1.82757
1.83806
1.84281
1.84144
1.8349
1.82515
1.81452
1.8051
1.79834
1.79498
1.7946
1.79529
1.79396
1.78818
1.77792
1.76616
1.75772
1.7572
1.76632
1.78308
1.80452
1.83152
1.86847
1.9152
1.96343
2.00304
2.0275
2.03443
2.02444
2.00049
1.96724
1.9299
1.89275
1.85774
1.8246
1.7926
1.76271
1.73843
1.72527
1.72904
1.75217
1.79108
1.83833
1.88731
1.93458
1.97861
2.01733
2.04708
2.06362
2.06376
2.04683
2.01525
1.97417
1.92975
1.88729
1.84983
1.81849
1.79356
1.77515
1.76345
1.75907
1.76337
1.77761
1.80095
1.82946
1.85756
1.88018
1.89391
1.89801
1.89505
1.89011
1.88779
1.88936
1.89326
1.89813
1.90362
1.90836
1.90888
1.90147
1.88505
1.86341
1.84493
1.83687
1.83918
1.84569
1.84999
1.84848
1.84092
1.83085
1.82511
1.83096
1.85154
1.88331
1.91858
1.95013
1.97355
1.98658
1.98798
1.97765
1.95734
1.93102
1.90392
1.88094
1.86517
1.85759
1.85778
1.8642
1.87412
1.88427
1.89197
1.89623
1.89828
1.90112
1.90776
1.91951
1.9351
1.94988
1.95833
1.9588
1.9543
1.94868
1.94332
1.93665
1.92651
1.91291
1.89905
1.88867
1.88224
1.87706
1.8715
1.86777
1.86971
1.87781
1.88806
1.89647
1.90173
1.90406
1.90384
1.90156
1.89822
1.89552
1.89519
1.89785
1.90238
1.90596
1.90487
1.89586
1.87697
1.84795
1.81105
1.77269
1.74286
1.72988
1.73403
1.74752
1.76093
1.76908
1.77182
1.77144
1.77006
1.76863
1.76719
1.76555
1.76414
1.76402
1.76634
1.77181
1.78049
1.79107
1.80064
1.80591
1.80533
1.8001
1.79359
1.78933
1.78909
1.79259
1.79764
1.80046
1.79614
1.78048
1.75301
1.71937
1.68974
1.67323
1.67329
1.68794
1.7124
1.74101
1.76767
1.78584
1.79047
1.78092
1.76166
1.73945
1.72006
1.70818
1.70875
1.72632
1.76179
1.80922
1.85653
1.89042
1.90207
1.89035
1.86128
1.82436
1.78758
1.75438
1.72456
1.69809
1.67735
1.66531
1.66311
1.67005
1.6843
1.70269
1.72097
1.735
1.74272
1.74533
1.74658
1.75026
1.7576
1.7663
1.7719
1.77009
1.7584
1.73765
1.71276
1.69104
1.67817
1.67547
1.68099
1.69264
1.70943
1.73049
1.75375
1.77653
1.79759
1.81872
1.84409
1.87687
1.91505
1.951
1.97583
1.98458
1.97925
1.96805
1.95959
1.95552
1.95031
1.93798
1.91745
1.89275
1.87011
1.85464
1.84946
1.85549
1.86987
1.88562
1.89518
1.89464
1.8854
1.87291
1.86379
1.86272
1.87029
1.88295
1.89545
1.90392
1.90675
1.9036
1.89403
1.8774
1.85447
1.82976
1.8124
1.81154
1.8283
1.85282
1.87065
1.87054
1.84816
1.80621
1.75269
1.69868
1.65748
1.64364
1.66763
1.72724
1.80622
1.88372
1.94371
1.97786
1.9843
1.96564
1.92785
1.87919
1.82842
1.78198
1.7426
1.71203
1.69487
1.69779
1.72345
1.76645
1.81499
1.85607
1.88085
1.88745
1.88119
1.87138
1.86418
1.85872
1.85224
1.84526
1.89406
1.89271
1.89748
1.9083
1.92448
1.94501
1.96893
1.9959
2.0241
2.04789
2.06042
2.058
2.04115
2.01288
1.97727
1.93886
1.90229
1.87143
1.84813
1.83212
1.82284
1.82145
1.83014
1.84953
1.87711
1.90764
1.93471
1.95311
1.9607
1.95797
1.9463
1.92717
1.90249
1.87502
1.84944
1.83305
1.83251
1.84814
1.87257
1.89562
1.91008
1.9136
1.90771
1.89623
1.88358
1.87134
1.85568
1.83046
1.79534
1.76139
1.74699
1.76177
1.79809
1.84236
1.88551
1.92177
1.9455
1.95095
1.93408
1.89515
1.84284
1.79658
1.77525
1.77879
1.79252
1.80511
1.81355
1.81838
1.81987
1.81742
1.81132
1.80467
1.80248
1.80745
1.81682
1.82507
1.82979
1.83407
1.84284
1.85703
1.87189
1.88096
1.8807
1.87105
1.85306
1.82714
1.79519
1.76503
1.7489
1.75279
1.77163
1.79791
1.82799
1.86022
1.89189
1.91914
1.93863
1.94907
1.95141
1.94764
1.93899
1.92597
1.91078
1.89941
1.8995
1.91436
1.93888
1.96241
1.97562
1.97499
1.96292
1.94468
1.92512
1.90747
1.8937
1.88442
1.8785
1.87361
1.86743
1.85826
1.84482
1.82574
1.80057
1.77228
1.74789
1.73707
1.74735
1.77354
1.79912
1.81194
1.81076
1.80056
1.78718
1.77464
1.7652
1.76068
1.76294
1.77339
1.79276
1.82023
1.85168
1.87994
1.89818
1.90342
1.89735
1.88439
1.86862
1.85148
1.83245
1.81158
1.79124
1.77606
1.77169
1.78238
1.80758
1.84013
1.86941
1.88722
1.89185
1.8882
1.88454
1.88808
1.90161
1.92163
1.93929
1.94478
1.93266
1.90448
1.86692
1.82701
1.78903
1.75784
1.74339
1.75483
1.78905
1.83281
1.87459
1.90957
1.93636
1.95262
1.95353
1.93343
1.88913
1.82634
1.76736
1.74078
1.75065
1.7786
1.81215
1.8495
1.89048
1.93239
1.97154
2.00524
2.03205
2.05076
2.0601
2.06004
2.05365
2.04687
2.04493
2.04897
2.05624
2.06257
2.06366
2.05538
2.03452
2.00017
1.95485
1.90515
1.86039
1.82862
1.814
1.81819
1.84165
1.88295
1.93789
1.99949
2.05925
2.10957
2.14552
2.16441
2.1646
2.14588
2.11142
2.069
2.0295
2.00247
1.99222
1.99623
2.00647
2.01313
2.0089
1.99097
1.96085
1.9235
1.88598
1.8553
1.83587
1.82822
1.83043
1.84046
1.85686
1.87725
1.89757
1.91414
1.92601
1.93431
1.94039
1.94543
1.95024
1.9545
1.95643
1.95397
1.94623
1.93497
1.92474
1.92102
1.92617
1.93732
1.94887
1.95675
1.9603
1.96127
1.9609
1.95791
1.9521
1.94905
1.9549
1.96643
1.97441
1.97368
1.96523
1.95246
1.93768
1.92093
1.90098
1.87767
1.8534
1.8321
1.81666
1.8089
1.81064
1.82223
1.83942
1.85403
1.85942
1.85514
1.84644
1.83991
1.83932
1.84411
1.85067
1.85397
1.84908
1.83294
1.80604
1.77253
1.73869
1.71066
1.69343
1.69054
1.70277
1.72694
1.75718
1.78733
1.81287
1.83183
1.84474
1.85271
1.85476
1.84774
1.83053
1.80807
1.78933
1.78035
1.78113
1.78853
1.79922
1.81058
1.82097
1.83037
1.8405
1.85408
1.87307
1.89736
1.92464
1.9518
1.97621
1.99576
2.00867
2.01438
2.01443
2.01202
2.00928
2.00524
1.99706
1.98272
1.96233
1.93851
1.91609
1.90087
1.89742
1.9067
1.92561
1.94812
1.96701
1.97554
1.96914
1.94696
1.91252
1.87254
1.83421
1.80244
1.77904
1.76411
1.75822
1.76387
1.78418
1.81821
1.85884
1.89699
1.92662
1.94552
1.9534
1.95044
1.93763
1.91856
1.90039
1.89143
1.89597
1.91202
1.93523
1.9629
1.99347
2.02453
2.05289
2.0764
2.09486
2.10911
2.1192
2.12351
2.11941
2.1047
2.07823
2.04015
1.99264
1.94086
1.89289
1.85807
1.84501
1.85894
1.89755
1.94972
2.00198
2.0458
2.07819
2.09902
2.10912
2.1094
2.10089
2.08507
2.06385
2.03872
2.01014
1.97819
1.94487
1.91595
1.9
1.90342
1.92502
1.95606
1.98549
2.00593
2.01629
2.0203
2.02162
2.01994
2.01159
1.9932
1.9639
1.92513
1.87978
1.83257
1.79081
1.7629
1.75422
1.76391
1.78623
1.81504
1.84576
1.87436
1.8969
1.91099
1.91737
1.91942
1.92052
1.92146
1.91927
1.90852
1.8865
1.86029
1.84401
1.84244
1.84667
1.84817
1.84558
1.84081
1.83526
1.82913
1.82245
1.81582
1.80994
1.80463
1.79889
1.79251
1.78711
1.78516
1.78836
1.79737
1.81291
1.83538
1.86267
1.88916
1.90772
1.91324
1.90542
1.88907
1.8701
1.8501
1.82644
1.79781
1.76814
1.744
1.72851
1.71944
1.71311
1.7081
1.7061
1.71054
1.72302
1.74164
1.76276
1.78351
1.8031
1.82296
1.84575
1.87269
1.90088
1.92375
1.93504
1.93256
1.9185
1.89675
1.87127
1.84778
1.83464
1.83782
1.85485
1.87653
1.89428
1.90433
1.90717
1.90561
1.90352
1.90416
1.90812
1.91286
1.91458
1.91124
1.90511
1.9028
1.91072
1.92865
1.94962
1.966
1.97424
1.9744
1.96747
1.95284
1.92793
1.89058
1.84391
1.79913
1.77126
1.76674
1.77501
1.78144
1.78332
1.78716
1.79812
1.81463
1.83045
1.83961
1.8388
1.82763
1.80946
1.79139
1.77933
1.77327
1.77083
1.77234
1.78036
1.79567
1.81554
1.83497
1.84898
1.85445
1.85118
1.84204
1.83159
1.82329
1.8177
1.81389
1.81258
1.81677
1.82824
1.84439
1.85997
1.87064
1.87466
1.87218
1.86434
1.85251
1.83752
1.8188
1.79529
1.76805
1.7419
1.72417
1.72079
1.7335
1.75929
1.79167
1.8233
1.84898
1.86684
1.87737
1.8817
1.88072
1.87535
1.86725
1.85981
1.85829
1.86717
1.88632
1.91151
1.93823
1.9633
1.98391
1.997
1.99962
1.98982
1.96721
1.93361
1.89366
1.85437
1.82237
1.79991
1.78475
1.77518
1.77289
1.77957
1.79264
1.80626
1.81551
1.81834
1.81431
1.80357
1.7872
1.76824
1.75189
1.74407
1.74829
1.76309
1.78279
1.80136
1.817
1.83321
1.85325
1.87464
1.89307
1.90765
1.91923
1.9277
1.93204
1.93032
1.91905
1.89364
1.85098
1.79367
1.7335
1.68915
1.67543
1.69374
1.73384
1.78155
1.82415
1.85248
1.86292
1.85949
1.852
1.84961
1.85567
1.86729
1.87755
1.87967
1.8712
1.85434
1.83271
1.80908
1.78579
1.76494
1.74716
1.73044
1.7105
1.68504
1.66536
1.67943
1.73389
1.79672
1.8428
1.87211
1.89409
1.91505
1.93525
1.95134
1.96058
1.96313
1.96106
1.95645
1.95075
1.94514
1.94072
1.93755
1.93379
1.92688
1.91699
1.90756
1.90095
1.89573
1.88891
1.8793
1.86819
1.85743
1.84675
1.83373
1.8185
1.80861
1.81609
1.84757
1.89868
1.95691
2.00773
2.04059
2.05176
2.04346
2.021
1.99016
1.95569
1.92082
1.88712
1.85579
1.82985
1.81441
1.81419
1.83023
1.85698
1.88431
1.90304
1.90724
1.89317
1.8595
1.8089
1.74852
1.68898
1.64235
1.61822
1.61883
1.63917
1.67204
1.71161
1.75322
1.79169
1.82095
1.83566
1.83386
1.819
1.80009
1.78838
1.79156
1.81105
1.84371
1.88326
1.92132
1.95063
1.96823
1.97527
1.97423
1.96616
1.95037
1.9266
1.89674
1.86478
1.83541
1.81273
1.79966
1.79796
1.80788
1.82773
1.85341
1.87911
1.89881
1.90815
1.90601
1.8953
1.88219
1.87261
1.86736
1.86178
1.85192
1.83955
1.83026
1.82703
1.82681
1.82388
1.81541
1.80365
1.79395
1.79104
1.79607
1.80612
1.81683
1.82601
1.83473
1.84403
1.85121
1.85094
1.83924
1.81614
1.78547
1.75307
1.72456
1.70386
1.6935
1.69576
1.71293
1.74547
1.78899
1.83322
1.86557
1.8777
1.86981
1.85019
1.83044
1.81935
1.81976
1.82949
1.84414
1.85924
1.87153
1.87991
1.8849
1.88713
1.88673
1.88372
1.87858
1.87257
1.86772
1.86619
1.86892
1.87463
1.88088
1.88589
1.88898
1.88967
1.88723
1.88191
1.87617
1.87237
1.86839
1.85849
1.83957
1.81477
1.79136
1.77618
1.77276
1.78047
1.79499
1.80976
1.81806
1.81438
1.79587
1.76529
1.73446
1.7199
1.72797
1.75011
1.77558
1.79974
1.82199
1.84148
1.85584
1.86392
1.86875
1.875
1.88487
1.89806
1.91168
1.92034
1.92103
1.91647
1.91141
1.90786
1.90462
1.89813
1.88382
1.86057
1.83389
1.81448
1.81281
1.83257
1.86737
1.90466
1.9332
1.94732
1.94692
1.93582
1.91961
1.90376
1.89237
1.88744
1.88901
1.89627
1.90883
1.92663
1.94858
1.97146
1.99016
1.99927
1.99506
1.97721
1.94954
1.9191
1.89338
1.87688
1.86925
1.86741
1.86864
1.87162
1.87616
1.88365
1.89706
1.91894
1.94873
1.9822
2.01316
2.03532
2.04365
2.03594
2.01391
1.9831
1.95199
1.9322
1.93557
1.96285
1.99943
2.02876
2.04308
2.04215
2.02945
2.00999
1.98907
1.97082
1.95745
1.94939
1.9456
1.94388
1.94117
1.93488
1.92423
1.91031
1.89436
1.87606
1.85464
1.83196
1.81307
1.80279
1.80235
1.81008
1.82372
1.84099
1.859
1.87437
1.88457
1.8889
1.88803
1.88322
1.87611
1.86904
1.86451
1.86374
1.86605
1.86957
1.87299
1.87633
1.87928
1.87795
1.86606
1.84084
1.80714
1.77616
1.76054
1.76817
1.79801
1.84126
1.88629
1.92281
1.94475
1.95163
1.9454
1.92627
1.89396
1.85247
1.8114
1.78137
1.76749
1.76776
1.77819
1.79769
1.82748
1.86652
1.90845
1.94363
1.96417
1.96735
1.9562
1.9384
1.92373
1.91959
1.9271
1.94102
1.95284
1.95463
1.94263
1.91999
1.89597
1.87962
1.87284
1.87086
1.8682
1.86263
1.85435
1.84481
1.83692
1.83541
1.84489
1.86596
1.89289
1.91685
