-3.51475
-3.51475
-3.51475
-3.51369
-3.51037
-3.50524
-3.50176
-3.4986
-3.49633
-3.49573
-3.49543
-3.49421
-3.49481
-3.49586
-3.49691
-3.49736
-3.49827
-3.49948
-3.50054
-3.5007
-3.50251
-3.50191
-3.50177
-3.50222
-3.50237
-3.50252
-3.50237
-3.50146
-3.50176
-3.50207
-3.50101
-3.50056
-3.50056
-3.50026
-3.50041
-3.50056
-3.50056
-3.50101
-3.50086
-3.50116
-3.50207
-3.50116
-3.50131
-3.50222
-3.50282
-3.50282
-3.50252
-3.50192
-3.50131
-3.50086
-3.50071
-3.50026
-3.49981
-3.49996
-3.50056
-3.49966
-3.49996
-3.49935
-3.4995
-3.49935
-3.49965
-3.49995
-3.5001
-3.49965
-3.49905
-3.4986
-3.49769
-3.49678
-3.49739
-3.49769
-3.49739
-3.49663
-3.49557
-3.49466
-3.49482
-3.49558
-3.49588
-3.49527
-3.49558
-3.49663
-3.49648
-3.49437
-3.49542
-3.49497
-3.49467
-3.49512
-3.49527
-3.49512
-3.49648
-3.49618
-3.49633
-3.49587
-3.49542
-3.49557
-3.49603
-3.49527
-3.49527
-3.49452
-3.49512
-3.49497
-3.49482
-3.49452
-3.49406
-3.49452
-3.49467
-3.49482
-3.49482
-3.49436
-3.49451
-3.49527
-3.49557
-3.49557
-3.49648
-3.49679
-3.49588
-3.49588
-3.49618
-3.49724
-3.49694
-3.49678
-3.49739
-3.49633
-3.49723
-3.49754
-3.49799
-3.49859
-3.49889
-3.49889
-3.49814
-3.49708
-3.49768
-3.49799
-3.49723
-3.49708
-3.49753
-3.49889
-3.49784
-3.49784
-3.49784
-3.49874
-3.49935
-3.4998
-3.5001
-3.49965
-3.4992
-3.4986
-3.49829
-3.49799
-3.49874
-3.49814
-3.49829
-3.49708
-3.49769
-3.49874
-3.49875
-3.50026
-3.50041
-3.50041
-3.49965
-3.4995
-3.5004
-3.49979
-3.4998
-3.50056
-3.50056
-3.50011
-3.4998
-3.49965
-3.49935
-3.49904
-3.49889
-3.49829
-3.49754
-3.49814
-3.49814
-3.49874
-3.49874
-3.4998
-3.4992
-3.49951
-3.498
-3.49784
-3.49859
-3.49874
-3.49798
-3.49798
-3.49783
-3.49859
-3.49875
-3.50041
-3.50041
-3.50041
-3.50071
-3.50026
-3.49935
-3.4998
-3.50041
-3.50071
-3.50025
-3.50025
-3.49995
-3.4995
-3.49995
-3.50146
-3.50161
-3.50191
-3.50221
-3.50161
-3.50131
-3.50101
-3.50176
-3.50146
-3.50101
-3.50041
-3.4992
-3.49935
-3.49935
-3.4989
-3.4998
-3.49965
-3.5001
-3.4992
-3.49874
-3.5001
-3.49919
-3.49889
-3.49829
-3.49814
-3.49798
-3.49753
-3.49798
-3.49662
-3.49677
-3.49693
-3.49647
-3.49617
-3.49663
-3.49618
-3.49618
-3.49618
-3.49618
-3.49678
-3.49632
-3.49587
-3.49526
-3.49662
-3.49738
-3.49753
-3.49904
-3.49874
-3.5004
-3.4998
-3.49814
-3.49859
-3.49905
-3.49829
-3.49693
-3.49738
-3.49798
-3.49798
-3.49874
-3.49919
-3.49935
-3.49919
-3.49874
-3.49859
-3.49889
-3.49874
-3.49904
-3.49874
-3.49844
-3.49769
-3.49663
-3.49618
-3.49588
-3.49542
-3.49603
-3.49572
-3.49632
-3.49572
-3.49496
-3.49466
-3.49466
-3.49391
-3.49436
-3.49421
-3.49543
-3.49482
-3.49316
-3.49286
-3.49376
-3.49587
-3.49632
-3.49753
-3.49738
-3.49783
-3.49935
-3.49889
-3.49905
-3.4992
-3.4989
-3.49905
-3.4986
-3.4986
-3.4989
-3.4992
-3.4992
-3.49995
-3.50011
-3.50101
-3.50116
-3.50161
-3.50161
-3.50222
-3.50161
-3.50177
-3.50132
-3.50087
-3.50117
-3.50087
-3.50116
-3.50146
-3.50206
-3.50191
-3.50161
-3.50055
-3.4998
-3.49935
-3.49935
-3.50011
-3.50131
-3.50086
-3.50101
-3.50101
-3.49995
-3.49919
-3.49889
-3.49919
-3.49919
-3.50025
-3.49949
-3.49949
-3.49904
-3.49935
-3.49814
-3.49905
-3.49814
-3.49829
-3.49799
-3.49738
-3.49662
-3.49587
-3.49557
-3.49587
-3.49633
-3.49542
-3.49572
-3.49648
-3.49632
-3.49617
-3.49632
-3.49662
-3.49738
-3.49768
-3.49708
-3.49844
-3.49799
-3.49859
-3.49859
-3.49829
-3.49784
-3.49768
-3.49738
-3.49768
-3.49738
-3.49738
-3.49693
-3.49633
-3.49632
-3.49648
-3.49587
-3.49602
-3.49587
-3.49768
-3.49844
-3.49874
-3.49768
-3.49678
-3.49708
-3.49617
-3.49496
-3.49617
-3.49723
-3.49677
-3.49723
-3.49814
-3.49814
-3.49829
-3.49904
-3.49768
-3.49783
-3.49828
-3.49768
-3.49844
-3.49859
-3.49904
-3.49904
-3.5004
-3.5013
-3.5007
-3.50055
-3.5007
-3.5004
-3.49979
-3.49874
-3.49828
-3.49874
-3.49874
-3.49889
-3.49889
-3.49799
-3.49844
-3.49783
-3.49813
-3.49738
-3.49783
-3.49858
-3.49889
-3.49858
-3.49783
-3.49783
-3.49874
-3.49844
-3.49874
-3.49798
-3.49753
-3.49768
-3.49753
-3.49813
-3.49874
-3.49844
-3.49753
-3.49754
-3.49723
-3.49663
-3.49663
-3.49602
-3.49662
-3.49616
-3.49662
-3.49723
-3.49753
-3.49723
-3.49723
-3.49693
-3.49647
-3.49663
-3.49753
-3.49784
-3.49844
-3.49754
-3.49663
-3.49633
-3.49588
-3.49573
-3.49588
-3.49527
-3.49557
-3.49618
-3.49587
-3.49572
-3.49557
-3.49617
-3.49587
-3.49633
-3.49723
-3.49753
-3.49723
-3.49889
-3.49829
-3.49845
-3.49845
-3.49815
-3.49966
-3.49935
-3.5001
-3.49965
-3.49995
-3.49965
-3.4998
-3.50026
-3.50102
-3.50102
-3.50056
-3.50101
-3.50222
-3.50327
-3.50357
-3.50267
-3.50282
-3.50236
-3.50267
-3.50237
-3.50313
-3.50328
-3.50313
-3.50313
-3.50283
-3.50207
-3.50117
-3.50132
-3.50041
-3.4998
-3.49949
-3.49904
-3.49995
-3.50025
-3.49874
-3.49905
-3.49784
-3.49814
-3.4983
-3.49829
-3.49799
-3.49814
-3.49799
-3.49814
-3.49875
-3.49829
-3.49693
-3.49618
-3.49618
-3.49693
-3.49814
-3.49814
-3.49798
-3.49874
-3.49874
-3.49904
-3.49874
-3.49859
-3.49949
-3.49919
-3.49934
-3.49859
-3.49768
-3.49753
-3.49753
-3.49844
-3.49693
-3.49618
-3.49587
-3.49587
-3.49603
-3.49602
-3.49678
-3.49527
-3.49557
-3.49557
-3.49496
-3.49481
-3.49436
-3.49345
-3.49375
-3.49405
-3.49496
-3.49557
-3.4939
-3.49481
-3.49527
-3.49602
-3.49588
-3.49663
-3.49708
-3.49738
-3.49753
-3.49723
-3.49662
-3.49632
-3.49708
-3.49723
-3.49678
-3.49738
-3.49753
-3.49784
-3.49799
-3.49829
-3.49874
-3.49829
-3.49874
-3.49843
-3.49752
-3.49798
-3.49859
-3.49844
-3.49768
-3.49678
-3.49693
-3.49602
-3.49481
-3.49405
-3.4942
-3.49421
-3.49451
-3.49511
-3.49466
-3.49375
-3.49405
-3.49451
-3.4942
-3.4939
-3.49345
-3.49511
-3.49481
-3.49496
-3.49511
-3.49496
-3.4948
-3.4945
-3.4942
-3.49435
-3.49556
-3.49511
-3.49436
-3.49482
-3.49527
-3.49406
-3.49421
-3.49376
-3.49345
-3.49345
-3.49405
-3.49375
-3.4936
-3.49451
-3.49466
-3.49496
-3.49557
-3.49541
-3.49511
-3.49511
-3.49587
-3.49617
-3.49708
-3.49799
-3.49784
-3.49739
-3.49754
-3.49754
-3.49799
-3.49738
-3.49753
-3.49752
-3.49813
-3.49858
-3.49843
-3.49844
-3.49768
-3.49799
-3.49678
-3.49618
-3.49588
-3.49648
-3.49708
-3.49663
-3.49587
-3.49587
-3.49707
-3.49722
-3.49768
-3.49783
-3.49738
-3.49874
-3.4995
-3.4998
-3.50025
-3.5004
-3.50025
-3.4992
-3.4992
-3.5001
-3.49965
-3.4995
-3.49844
-3.49919
-3.49873
-3.49888
-3.49919
-3.49874
-3.4998
-3.5004
-3.5004
-3.50101
-3.50056
-3.50071
-3.50116
-3.50131
-3.50085
-3.50085
-3.5007
-3.50115
-3.49979
-3.49919
-3.49994
-3.49919
-3.49874
-3.49768
-3.49799
-3.49769
-3.49814
-3.49844
-3.49784
-3.49799
-3.49738
-3.49768
-3.49768
-3.49829
-3.49768
-3.49783
-3.49768
-3.49829
-3.49753
-3.49784
-3.49829
-3.49965
-3.5001
-3.5001
-3.49904
-3.50025
-3.4989
-3.4995
-3.4995
-3.49844
-3.49919
-3.49919
-3.49859
-3.4995
-3.4998
-3.50011
-3.49981
-3.49981
-3.49981
-3.4995
-3.49935
-3.49904
-3.49843
-3.49904
-3.50025
-3.50055
-3.49995
-3.49905
-3.50011
-3.49965
-3.49905
-3.4992
-3.49874
-3.49799
-3.49738
-3.49829
-3.49829
-3.49844
-3.49784
-3.49724
-3.49739
-3.49799
-3.49829
-3.49798
-3.49753
-3.49858
-3.49753
-3.49768
-3.49783
-3.49708
-3.49617
-3.49633
-3.49617
-3.49602
-3.49602
-3.49541
-3.49466
-3.49406
-3.493
-3.49376
-3.49452
-3.49542
-3.49678
-3.49724
-3.49663
-3.49739
-3.49784
-3.49693
-3.49678
-3.49618
-3.49693
-3.49678
-3.49814
-3.49814
-3.49829
-3.49829
-3.49769
-3.49965
-3.49935
-3.49919
-3.49874
-3.49859
-3.49859
-3.49739
-3.49739
-3.49708
-3.49693
-3.49678
-3.49829
-3.49949
-3.50025
-3.49995
-3.5001
-3.50101
-3.50101
-3.50071
-3.50086
-3.49995
-3.49965
-3.49874
-3.49814
-3.49874
-3.49919
-3.49919
-3.49995
-3.5001
-3.5004
-3.5001
-3.50025
-3.5001
-3.50025
-3.50116
-3.50086
-3.50101
-3.501
-3.50131
-3.5007
-3.50025
-3.5001
-3.49995
-3.5004
-3.50025
-3.4995
-3.49844
-3.49768
-3.49738
-3.49783
-3.49783
-3.49859
-3.49935
-3.49874
-3.49828
-3.49798
-3.49919
-3.49949
-3.5001
-3.49935
-3.49965
-3.49874
-3.49889
-3.49934
-3.49995
-3.4995
-3.5001
-3.50101
-3.50055
-3.50086
-3.50131
-3.50116
-3.50146
-3.50191
-3.50281
-3.50327
-3.50281
-3.50252
-3.50176
-3.50177
-3.50056
-3.4998
-3.4998
-3.49934
-3.49934
-3.49979
-3.5001
-3.5001
-3.49964
-3.50009
-3.5007
-3.50145
-3.50085
-3.4998
-3.49935
-3.49905
-3.4998
-3.50041
-3.49965
-3.50071
-3.50146
-3.49995
-3.5001
-3.50025
-3.5004
-3.49965
-3.4998
-3.49934
-3.5007
-3.50085
-3.5004
-3.4998
-3.5007
-3.49995
-3.50101
-3.50055
-3.50146
-3.5007
-3.50071
-3.50055
-3.50055
-3.50055
-3.5007
-3.50086
-3.4998
-3.50026
-3.49935
-3.4992
-3.49889
-3.49919
-3.4998
-3.5004
-3.49934
-3.49889
-3.4998
-3.50026
-3.50056
-3.50056
-3.50101
-3.50237
-3.50312
-3.50312
-3.50297
-3.50357
-3.50418
-3.50418
-3.50357
-3.50509
-3.50615
-3.50494
-3.50464
-3.50509
-3.50494
-3.50373
-3.50343
-3.50312
-3.50221
-3.50282
-3.50327
-3.50266
-3.50296
-3.50372
-3.50357
-3.50297
-3.50372
-3.50372
-3.50523
-3.50553
-3.50599
-3.50539
-3.50569
-3.50463
-3.50508
-3.50493
-3.50569
-3.50554
-3.50614
-3.50554
-3.50569
-3.50508
-3.50478
-3.50479
-3.50509
-3.50463
-3.50418
-3.50312
-3.50357
-3.50402
-3.50357
-3.50297
-3.50297
-3.50222
-3.50237
-3.50191
-3.50312
-3.50312
-3.50342
-3.50267
-3.50282
-3.50252
-2.27275
-2.27169
-2.2732
-2.27259
-2.27319
-2.27258
-2.27167
-2.27227
-2.27077
-2.27213
-2.27168
-2.27108
-2.27017
-2.27108
-2.27153
-2.27122
-2.27137
-2.27152
-2.27228
-2.27198
-2.27168
-2.27229
-2.27123
-2.27077
-2.27061
-2.27107
-2.27107
-2.27092
-2.27047
-2.27002
-2.26957
-2.26881
-2.26896
-2.26895
-2.2685
-2.26971
-2.26971
-2.27031
-2.27001
-2.2691
-2.2691
-2.27001
-2.2688
-2.26835
-2.27016
-2.26971
-2.26835
-2.26699
-2.26654
-2.26654
-2.26684
-2.26684
-2.26639
-2.26669
-2.26669
-2.2673
-2.2667
-2.26609
-2.26685
-2.26654
-2.26714
-2.26623
-2.26714
-2.26759
-2.26789
-2.2685
-2.26926
-2.26957
-2.26896
-2.26926
-2.26775
-2.2676
-2.26925
-2.26865
-2.26789
-2.26713
-2.26623
-2.26669
-2.26776
-2.26791
-2.26806
-2.26956
-2.26956
-2.26986
-2.27031
-2.27031
-2.26971
-2.26971
-2.27062
-2.27047
-2.26972
-2.26942
-2.27047
-2.27107
-2.27137
-2.27076
-2.2697
-2.26909
-2.26879
-2.26834
-2.26834
-2.26819
-2.26775
-2.26896
-2.26956
-2.26957
-2.26866
-2.26896
-2.2673
-2.26714
-2.26865
-2.2691
-2.27001
-2.27092
-2.27077
-2.27016
-2.2694
-2.26925
-2.2694
-2.2688
-2.2688
-2.26699
-2.2673
-2.26745
-2.26685
-2.26609
-2.26654
-2.26714
-2.26714
-2.26759
-2.26759
-2.26684
-2.26745
-2.2685
-2.26805
-2.26759
-2.26744
-2.26653
-2.26714
-2.26624
-2.26639
-2.26684
-2.2673
-2.2679
-2.26911
-2.26851
-2.2667
-2.26775
-2.26775
-2.2679
-2.26865
-2.2691
-2.26895
-2.2688
-2.26881
-2.26926
-2.26926
-2.26911
-2.26759
-2.26669
-2.26759
-2.26774
-2.26759
-2.26699
-2.26699
-2.26624
-2.26654
-2.26533
-2.26578
-2.26624
-2.2679
-2.26759
-2.26639
-2.26639
-2.26654
-2.26594
-2.26609
-2.26549
-2.26624
-2.26578
-2.26607
-2.26532
-2.26517
-2.26457
-2.26443
-2.26504
-2.26504
-2.26549
-2.26519
-2.26549
-2.26534
-2.26503
-2.26548
-2.26503
-2.26548
-2.26472
-2.26457
-2.26426
-2.26472
-2.26578
-2.26548
-2.26609
-2.26654
-2.26624
-2.26518
-2.26563
-2.26714
-2.26819
-2.2685
-2.2685
-2.26835
-2.2682
-2.2682
-2.2682
-2.26805
-2.26699
-2.26729
-2.26608
-2.26623
-2.26608
-2.26669
-2.26699
-2.26744
-2.26669
-2.26744
-2.2676
-2.26699
-2.26684
-2.26745
-2.26744
-2.26956
-2.27107
-2.26986
-2.27001
-2.27062
-2.27153
-2.27138
-2.27077
-2.27093
-2.27002
-2.26926
-2.2682
-2.2679
-2.26881
-2.2682
-2.26729
-2.26789
-2.26894
-2.26925
-2.2688
-2.26835
-2.26805
-2.26821
-2.26881
-2.26971
-2.27001
-2.26865
-2.2679
-2.2679
-2.2679
-2.26805
-2.26744
-2.26895
-2.26925
-2.26804
-2.2679
-2.2673
-2.26881
-2.26911
-2.26895
-2.2694
-2.27091
-2.27107
-2.27137
-2.27258
-2.27274
-2.27153
-2.27258
-2.27319
-2.27379
-2.27349
-2.27258
-2.27318
-2.27242
-2.27212
-2.27197
-2.27121
-2.27016
-2.27016
-2.26955
-2.26835
-2.26759
-2.26699
-2.26638
-2.26623
-2.2676
-2.2682
-2.26715
-2.267
-2.26699
-2.26744
-2.26684
-2.26684
-2.26775
-2.26805
-2.2673
-2.26715
-2.26564
-2.26714
-2.26653
-2.26684
-2.2682
-2.26941
-2.26986
-2.26985
-2.27136
-2.27122
-2.27017
-2.27002
-2.26957
-2.26957
-2.26897
-2.26957
-2.26971
-2.26971
-2.27016
-2.27001
-2.27017
-2.27033
-2.27018
-2.26897
-2.26806
-2.2679
-2.2697
-2.27015
-2.2706
-2.27016
-2.26926
-2.26971
-2.26957
-2.27063
-2.26987
-2.27033
-2.27093
-2.27138
-2.27197
-2.27212
-2.27258
-2.27182
-2.27137
-2.27137
-2.27091
-2.27076
-2.27046
-2.27001
-2.26956
-2.26881
-2.2679
-2.26745
-2.26745
-2.26684
-2.26624
-2.26699
-2.26745
-2.2682
-2.26911
-2.26957
-2.27002
-2.27017
-2.26986
-2.2694
-2.26955
-2.26986
-2.26957
-2.27017
-2.27017
-2.26972
-2.27062
-2.26926
-2.26971
-2.26925
-2.26865
-2.26744
-2.2676
-2.26836
-2.26866
-2.26836
-2.26835
-2.26911
-2.26835
-2.26881
-2.26805
-2.26851
-2.26805
-2.26835
-2.26956
-2.26941
-2.27032
-2.27001
-2.26865
-2.26971
-2.26956
-2.26895
-2.27001
-2.26971
-2.27031
-2.26911
-2.26926
-2.27047
-2.27138
-2.27153
-2.27183
-2.27213
-2.27077
-2.26956
-2.26986
-2.27031
-2.27016
-2.27031
-2.26896
-2.26941
-2.26987
-2.27047
-2.27032
-2.26956
-2.27017
-2.26971
-2.2685
-2.26926
-2.2685
-2.26715
-2.26684
-2.2676
-2.26805
-2.26866
-2.26805
-2.2688
-2.2685
-2.2691
-2.26865
-2.26805
-2.26805
-2.2676
-2.26896
-2.2682
-2.27001
-2.26956
-2.26896
-2.27047
-2.27107
-2.27016
-2.27092
-2.27137
-2.27123
-2.27183
-2.27198
-2.27168
-2.27152
-2.27091
-2.26971
-2.27032
-2.27063
-2.27108
-2.27229
-2.27213
-2.27182
-2.27182
-2.27228
-2.27334
-2.27289
-2.27244
-2.2732
-2.27259
-2.27153
-2.27213
-2.27107
-2.27182
-2.27107
-2.27063
-2.27018
-2.26882
-2.26851
-2.26699
-2.26654
-2.26609
-2.2664
-2.26489
-2.267
-2.26669
-2.26714
-2.26729
-2.2676
-2.26745
-2.267
-2.26805
-2.267
-2.26534
-2.26519
-2.26519
-2.26669
-2.26669
-2.26669
-2.26775
-2.26745
-2.26654
-2.26624
-2.26685
-2.26609
-2.26579
-2.26715
-2.26805
-2.26745
-2.26865
-2.2676
-2.26805
-2.26729
-2.26729
-2.26729
-2.2673
-2.2667
-2.26791
-2.26851
-2.26895
-2.26894
-2.26849
-2.26835
-2.26776
-2.26776
-2.26761
-2.26851
-2.26654
-2.26684
-2.26759
-2.2676
-2.26805
-2.26804
-2.26834
-2.26744
-2.26699
-2.267
-2.26671
-2.26701
-2.26686
-2.26743
-2.26697
-2.26714
-2.26716
-2.26641
-2.26701
-2.26654
-2.26668
-2.26729
-2.26624
-2.26609
-2.26564
-2.26579
-2.26745
-2.2673
-2.26684
-2.26714
-2.26684
-2.26653
-2.26683
-2.26532
-2.26441
-2.2632
-2.26275
-2.26245
-2.26457
-2.26382
-2.26473
-2.26443
-2.26504
-2.26488
-2.26442
-2.26472
-2.26623
-2.26729
-2.26744
-2.26729
-2.26805
-2.26745
-2.26699
-2.26805
-2.26926
-2.26896
-2.27001
-2.27017
-2.27122
-2.27137
-2.27091
-2.27076
-2.27212
-2.27182
-2.27198
-2.27153
-2.27168
-2.27183
-2.27228
-2.27198
-2.27243
-2.27288
-2.27318
-2.27198
-2.27243
-2.27153
-2.27183
-2.27258
-2.27303
-2.27393
-2.27378
-2.27288
-2.27228
-2.27288
-2.27243
-2.27182
-2.27152
-2.27167
-2.27227
-2.27258
-2.27273
-2.27258
-2.27228
-2.27152
-2.27061
-2.27032
-2.27032
-2.26972
-2.26895
-2.26849
-2.26698
-2.26819
-2.2685
-2.26881
-2.26881
-2.26926
-2.26896
-2.2685
-2.2688
-2.27061
-2.27016
-2.26956
-2.26986
-2.27076
-2.26955
-2.26954
-2.26879
-2.2694
-2.26986
-2.27001
-2.27002
-2.27062
-2.27047
-2.26986
-2.26925
-2.2697
-2.27076
-2.27061
-2.27091
-2.27152
-2.27046
-2.27046
-2.27121
-2.27031
-2.27106
-2.27046
-2.27107
-2.27062
-2.27138
-2.27017
-2.26881
-2.26956
-2.26805
-2.2682
-2.26774
-2.26668
-2.26638
-2.26562
-2.26578
-2.26533
-2.26488
-2.26518
-2.26472
-2.26441
-2.26502
-2.26427
-2.26458
-2.26474
-2.26489
-2.26413
-2.26352
-2.26457
-2.26426
-2.26456
-2.26487
-2.26608
-2.26638
-2.26654
-2.26654
-2.26699
-2.26609
-2.26579
-2.26624
-2.267
-2.2682
-2.26865
-2.26894
-2.26848
-2.26939
-2.26879
-2.26956
-2.27032
-2.27108
-2.27153
-2.27288
-2.27258
-2.27121
-2.27136
-2.27167
-2.27212
-2.27243
-2.27227
-2.27243
-2.27137
-2.26925
-2.26895
-2.27016
-2.26956
-2.26911
-2.26926
-2.27032
-2.27032
-2.27047
-2.27167
-2.27046
-2.27031
-2.27016
-2.27046
-2.27091
-2.27015
-2.27
-2.26955
-2.27001
-2.27016
-2.26985
-2.26955
-2.26955
-2.27016
-2.26819
-2.2694
-2.26834
-2.26834
-2.26714
-2.26638
-2.26714
-2.26669
-2.26699
-2.26684
-2.26698
-2.26743
-2.26788
-2.26759
-2.2682
-2.26775
-2.26835
-2.26835
-2.2697
-2.26894
-2.26999
-2.27014
-2.27045
-2.2694
-2.26986
-2.27046
-2.27092
-2.27046
-2.27016
-2.2688
-2.2691
-2.26729
-2.26759
-2.26698
-2.26803
-2.26863
-2.27075
-2.27105
-2.2712
-2.26984
-2.27014
-2.26969
-2.2697
-2.27061
-2.27031
-2.26985
-2.27001
-2.27001
-2.26955
-2.26924
-2.26924
-2.26802
-2.26848
-2.26864
-2.2688
-2.26835
-2.26895
-2.26849
-2.26788
-2.26834
-2.26819
-2.26819
-2.26804
-2.26683
-2.26592
-2.26773
-2.26849
-2.2688
-2.2697
-2.26849
-2.26712
-2.26667
-2.26772
-2.26758
-2.26607
-2.26532
-2.26713
-2.26759
-2.26864
-2.26864
-2.26909
-2.26864
-2.2697
-2.26864
-2.26999
-2.2703
-2.27075
-2.27075
-2.27015
-2.2703
-2.27076
-2.27166
-2.27076
-2.27121
-2.27121
-2.27196
-2.27226
-2.27287
-2.27317
-2.27303
-2.27273
-2.27182
-2.27076
-2.27031
-2.26939
-2.26894
-2.26954
-2.26879
-2.26954
-2.26939
-2.26984
-2.26984
-2.26955
-2.26834
-2.26864
-2.26864
-2.26803
-2.26833
-2.26939
-2.26999
-2.26954
-2.26924
-2.26909
-2.2697
-2.26819
-2.26864
-2.2691
-2.26894
-2.26924
-2.26969
-2.26953
-2.26968
-2.26923
-2.26894
-2.26909
-2.2691
-2.26925
-2.2697
-2.2697
-2.2694
-2.26985
-2.26954
-2.2703
-2.26969
-2.26893
-2.26803
-2.26818
-2.26789
-2.26849
-2.26879
-2.26909
-2.26803
-2.26727
-2.26727
-2.26788
-2.26774
-2.2682
-2.26775
-2.26729
-2.26729
-2.26759
-2.26698
-2.26743
-2.26849
-2.26908
-2.26817
-2.26756
-2.26697
-2.26834
-2.26789
-2.2682
-2.26926
-2.27017
-2.26956
-2.26956
-2.26971
-2.2685
-2.26759
-2.26744
-2.26774
-2.26729
-2.26698
-2.26713
-2.26668
-2.26698
-2.26788
-2.26864
-2.26833
-2.26803
-2.26773
-2.26758
-2.26758
-2.26819
-2.26924
-2.26985
-2.26849
-2.26925
-2.27016
-2.26955
-2.26985
-2.27151
-2.2712
-2.26999
-2.26954
-2.26985
-2.26939
-2.26879
-2.26742
-2.26712
-2.26712
-2.26727
-2.26818
-2.26833
-2.26803
-2.26864
-2.2694
-2.26925
-2.2697
-2.26909
-2.26969
-2.26954
-2.26923
-2.26893
-2.26923
-2.26908
-2.26954
-2.26954
-2.27014
-2.27044
-2.26954
-2.27045
-2.26939
-2.26925
-2.26895
-2.2694
-2.26924
-2.26848
-2.26742
-2.26772
-2.26788
-2.26757
-2.26833
-2.26863
-2.26727
-2.26712
-2.26757
-2.26863
-2.26893
-2.26999
-2.27014
-2.27014
-2.26878
-1.8773
-1.87655
-1.87761
-1.87806
-1.87897
-1.87942
-1.87942
-1.87821
-1.8776
-1.87835
-1.8785
-1.87745
-1.87806
-1.87836
-1.87927
-1.87972
-1.87912
-1.87746
-1.87731
-1.87761
-1.87761
-1.87731
-1.87761
-1.87776
-1.87791
-1.87882
-1.87927
-1.87942
-1.87852
-1.87912
-1.87988
-1.87928
-1.87823
-1.87747
-1.87746
-1.87775
-1.8785
-1.87699
-1.87805
-1.87882
-1.87958
-1.87989
-1.87989
-1.87928
-1.87898
-1.87958
-1.87973
-1.87897
-1.87821
-1.8773
-1.87745
-1.87881
-1.87881
-1.87911
-1.87882
-1.87867
-1.87822
-1.87928
-1.87988
-1.87882
-1.87852
-1.8764
-1.8761
-1.8761
-1.87565
-1.8758
-1.87475
-1.87445
-1.87551
-1.87671
-1.87776
-1.87714
-1.8779
-1.87791
-1.87642
-1.87642
-1.87597
-1.87566
-1.87445
-1.87535
-1.87413
-1.87382
-1.87306
-1.87427
-1.87518
-1.87413
-1.87233
-1.87264
-1.87188
-1.87188
-1.87112
-1.87081
-1.87051
-1.8687
-1.86855
-1.8684
-1.86885
-1.86855
-1.86929
-1.86944
-1.86973
-1.86853
-1.86989
-1.87065
-1.87202
-1.87384
-1.87234
-1.87128
-1.87203
-1.87157
-1.87081
-1.87096
-1.87141
-1.87111
-1.87126
-1.87398
-1.87307
-1.87323
-1.87353
-1.87398
-1.87429
-1.8758
-1.87534
-1.8764
-1.87641
-1.87671
-1.8752
-1.87505
-1.87384
-1.87368
-1.87322
-1.87307
-1.87307
-1.87383
-1.87353
-1.87294
-1.87309
-1.87385
-1.8737
-1.87324
-1.87293
-1.87428
-1.87337
-1.87292
-1.87353
-1.87173
-1.87339
-1.87414
-1.87399
-1.8755
-1.8752
-1.87626
-1.87701
-1.87806
-1.877
-1.87609
-1.87503
-1.87609
-1.87625
-1.87656
-1.87626
-1.87581
-1.87459
-1.87368
-1.87382
-1.87427
-1.87337
-1.87429
-1.8758
-1.8752
-1.8755
-1.87383
-1.87398
-1.87519
-1.87594
-1.8776
-1.87639
-1.87624
-1.87654
-1.87639
-1.87654
-1.87624
-1.87792
-1.87958
-1.87882
-1.87746
-1.8764
-1.8764
-1.87595
-1.87564
-1.87534
-1.87549
-1.87549
-1.87625
-1.8761
-1.87701
-1.87776
-1.87761
-1.87762
-1.87702
-1.87671
-1.87624
-1.87804
-1.87791
-1.87898
-1.87807
-1.87791
-1.87776
-1.87897
-1.88003
-1.88079
-1.88155
-1.88215
-1.88139
-1.88184
-1.88169
-1.88138
-1.88153
-1.88123
-1.88048
-1.87972
-1.87941
-1.88032
-1.88048
-1.88048
-1.87988
-1.87882
-1.87897
-1.87897
-1.87776
-1.87821
-1.87745
-1.87745
-1.87776
-1.87761
-1.8773
-1.87609
-1.87594
-1.87473
-1.87444
-1.87519
-1.87444
-1.87413
-1.87473
-1.87442
-1.87396
-1.87548
-1.87564
-1.87428
-1.87474
-1.8761
-1.87641
-1.8752
-1.87505
-1.87444
-1.87368
-1.87398
-1.87397
-1.87473
-1.87383
-1.87383
-1.87444
-1.87519
-1.87549
-1.87549
-1.87595
-1.87716
-1.87761
-1.87686
-1.87731
-1.87625
-1.87655
-1.87594
-1.87443
-1.87518
-1.87519
-1.87655
-1.877
-1.8773
-1.87775
-1.87775
-1.87791
-1.87716
-1.8764
-1.87579
-1.87609
-1.87504
-1.87428
-1.87549
-1.8767
-1.87655
-1.87746
-1.87852
-1.87807
-1.87777
-1.87868
-1.88035
-1.88064
-1.88062
-1.87895
-1.87911
-1.87868
-1.87793
-1.87702
-1.87686
-1.87624
-1.87549
-1.87565
-1.87369
-1.87369
-1.87505
-1.87534
-1.87685
-1.877
-1.87639
-1.87654
-1.87655
-1.87625
-1.8758
-1.8752
-1.87505
-1.8752
-1.87504
-1.87519
-1.87519
-1.8752
-1.8752
-1.87414
-1.87248
-1.87429
-1.8746
-1.87474
-1.87444
-1.87565
-1.8761
-1.87595
-1.87443
-1.87428
-1.87488
-1.87458
-1.87306
-1.87398
-1.87308
-1.8737
-1.87264
-1.87355
-1.87445
-1.87399
-1.87535
-1.8767
-1.87519
-1.87534
-1.87474
-1.8755
-1.87444
-1.87474
-1.87489
-1.87534
-1.87565
-1.87534
-1.87489
-1.87459
-1.87488
-1.87548
-1.87488
-1.87473
-1.8749
-1.87521
-1.87581
-1.8752
-1.87596
-1.87625
-1.87655
-1.877
-1.87746
-1.8764
-1.87701
-1.87701
-1.87791
-1.87685
-1.8773
-1.87624
-1.87579
-1.87594
-1.87761
-1.87852
-1.87852
-1.87791
-1.8779
-1.87836
-1.87776
-1.87806
-1.87912
-1.87882
-1.87897
-1.87686
-1.87611
-1.87746
-1.87746
-1.87745
-1.87699
-1.87715
-1.87731
-1.87701
-1.87732
-1.87732
-1.87762
-1.87792
-1.87836
-1.8779
-1.8779
-1.87821
-1.87882
-1.87837
-1.87792
-1.87852
-1.87807
-1.87867
-1.87928
-1.88034
-1.87973
-1.88064
-1.87987
-1.88047
-1.88017
-1.88002
-1.88033
-1.88033
-1.87973
-1.88018
-1.88109
-1.88034
-1.88064
-1.88079
-1.88003
-1.87973
-1.87928
-1.88003
-1.87972
-1.87865
-1.87835
-1.8773
-1.87655
-1.87595
-1.8761
-1.87534
-1.87564
-1.87654
-1.87639
-1.87625
-1.87641
-1.87702
-1.87838
-1.87822
-1.87731
-1.87746
-1.87791
-1.87837
-1.87776
-1.8773
-1.87714
-1.87592
-1.87578
-1.87594
-1.87535
-1.8758
-1.8755
-1.87475
-1.87459
-1.87505
-1.87504
-1.87549
-1.87503
-1.87428
-1.87322
-1.87382
-1.87367
-1.87503
-1.87488
-1.87503
-1.87594
-1.87534
-1.8764
-1.8758
-1.87474
-1.87429
-1.87489
-1.87489
-1.87519
-1.87504
-1.87383
-1.87337
-1.87383
-1.87429
-1.87505
-1.87611
-1.87565
-1.87504
-1.87564
-1.87669
-1.87594
-1.87548
-1.87458
-1.87549
-1.87564
-1.87595
-1.8764
-1.87609
-1.87654
-1.87654
-1.87685
-1.8767
-1.87686
-1.87611
-1.87671
-1.87641
-1.87716
-1.87625
-1.87549
-1.87594
-1.8755
-1.87626
-1.87566
-1.8755
-1.87594
-1.8773
-1.87685
-1.87716
-1.87731
-1.87687
-1.87641
-1.87792
-1.87716
-1.87731
-1.87701
-1.87625
-1.87625
-1.87579
-1.87534
-1.87519
-1.87625
-1.87565
-1.87565
-1.87731
-1.87776
-1.8773
-1.87731
-1.87822
-1.87746
-1.87747
-1.87732
-1.87641
-1.87595
-1.87701
-1.87474
-1.87429
-1.87414
-1.87414
-1.87384
-1.87459
-1.8749
-1.87459
-1.87278
-1.87293
-1.87248
-1.87233
-1.87172
-1.87218
-1.87293
-1.87323
-1.87277
-1.87292
-1.87292
-1.87247
-1.87157
-1.87127
-1.87112
-1.87232
-1.87278
-1.87338
-1.87308
-1.87459
-1.87413
-1.87459
-1.87444
-1.87444
-1.87353
-1.87353
-1.87368
-1.87428
-1.87337
-1.87292
-1.87383
-1.8752
-1.8755
-1.87595
-1.87716
-1.87579
-1.87609
-1.877
-1.87624
-1.87716
-1.87656
-1.87671
-1.87657
-1.87597
-1.87611
-1.87686
-1.8761
-1.877
-1.87639
-1.87624
-1.87564
-1.87625
-1.87702
-1.87808
-1.87793
-1.87778
-1.87792
-1.87775
-1.87926
-1.87851
-1.87761
-1.87611
-1.87641
-1.87686
-1.8761
-1.87535
-1.87474
-1.87595
-1.8764
-1.8758
-1.8758
-1.87701
-1.87685
-1.87594
-1.87579
-1.87639
-1.87655
-1.87609
-1.87594
-1.87428
-1.87474
-1.87489
-1.87444
-1.87505
-1.87475
-1.87535
-1.87459
-1.87534
-1.87533
-1.87533
-1.87504
-1.87594
-1.8767
-1.87564
-1.87579
-1.8767
-1.87656
-1.87626
-1.87853
-1.87808
-1.87732
-1.87671
-1.8776
-1.8776
-1.8773
-1.87746
-1.87761
-1.87777
-1.87701
-1.87777
-1.87746
-1.87731
-1.87806
-1.87761
-1.87685
-1.87594
-1.87654
-1.87639
-1.8764
-1.8767
-1.87671
-1.87672
-1.87717
-1.87671
-1.87565
-1.87549
-1.87563
-1.87533
-1.87564
-1.87625
-1.87671
-1.87611
-1.87475
-1.87535
-1.87475
-1.8746
-1.8746
-1.87474
-1.87519
-1.87534
-1.87564
-1.87608
-1.87638
-1.87593
-1.87533
-1.87519
-1.87489
-1.87565
-1.87626
-1.87776
-1.87791
-1.87624
-1.877
-1.87686
-1.8758
-1.87625
-1.87519
-1.87549
-1.8755
-1.8752
-1.87565
-1.87519
-1.87519
-1.87489
-1.87579
-1.87428
-1.87352
-1.87307
-1.87307
-1.87397
-1.87443
-1.87549
-1.8758
-1.87687
-1.87717
-1.87732
-1.87732
-1.87685
-1.87715
-1.8776
-1.87776
-1.87746
-1.87883
-1.87838
-1.87913
-1.87777
-1.87852
-1.87912
-1.87837
-1.87897
-1.87881
-1.87896
-1.87851
-1.87896
-1.87896
-1.87926
-1.88002
-1.87896
-1.87836
-1.87851
-1.87791
-1.87927
-1.87958
-1.87943
-1.87974
-1.87868
-1.87868
-1.87852
-1.87731
-1.87866
-1.87837
-1.87958
-1.88139
-1.88199
-1.88213
-1.88123
-1.88108
-1.88109
-1.87973
-1.88049
-1.88155
-1.88079
-1.88063
-1.87927
-1.87775
-1.8773
-1.87821
-1.87761
-1.87565
-1.87595
-1.87746
-1.87746
-1.87609
-1.87563
-1.87457
-1.87459
-1.87369
-1.87263
-1.87354
-1.87248
-1.87278
-1.87293
-1.87292
-1.87307
-1.87261
-1.87292
-1.87443
-1.87383
-1.87323
-1.87247
-1.87338
-1.87323
-1.87188
-1.87188
-1.87263
-1.87248
-1.87293
-1.87353
-1.87292
-1.87232
-1.87353
-1.87354
-1.87294
-1.87309
-1.87323
-1.87157
-1.87322
-1.87307
-1.87459
-1.87474
-1.87429
-1.87323
-1.87203
-1.87158
-1.87143
-1.87173
-1.87067
-1.87021
-1.87021
-1.87036
-1.87005
-1.86974
-1.86945
-1.86885
-1.86991
-1.87052
-1.87007
-1.86991
-1.86916
-1.86976
-1.86916
-1.86931
-1.87036
-1.87021
-1.87066
-1.87173
-1.87173
-1.87143
-1.87158
-1.87173
-1.87218
-1.87127
-1.87293
-1.87232
-1.87232
-1.87262
-1.87187
-1.87339
-1.87474
-1.87368
-1.87458
-1.87398
-1.87352
-1.87443
-1.87473
-1.87458
-1.87398
-1.87277
-1.87368
-1.87323
-1.87354
-1.87369
-1.87308
-1.87429
-1.87519
-1.87504
-1.87564
-1.87565
-1.87474
-1.8761
-1.87701
-1.87746
-1.87791
-1.87836
-1.87881
-1.88016
-1.88093
-1.87943
-1.87883
-1.87943
-1.88033
-1.88062
-1.87942
-1.88003
-1.88004
-1.88065
-1.88019
-1.88019
-1.87989
-1.87943
-1.87927
-1.8779
-1.87729
-1.87699
-1.87609
-1.87625
-1.8752
-1.87489
-1.8752
-1.8758
-1.8749
-1.87505
-1.87489
-1.87489
-1.87368
-1.87247
-1.87248
-1.87218
-1.87202
-1.87278
-1.87142
-1.87142
-1.87142
-1.87127
-1.87127
-1.87218
-1.87172
-1.87339
-1.87369
-1.87414
-1.87338
-1.87262
-1.87277
-1.87277
-1.87308
-1.87399
-1.87385
-1.87415
-1.87475
-1.87399
-1.87444
-1.87443
-1.87594
-1.8764
-1.877
-1.87791
-1.87776
-1.87731
-1.87611
-1.87521
-1.87627
-1.87551
-1.87657
-1.87581
-1.87414
-1.87429
-1.87519
-1.87534
-1.8758
-1.87489
-1.87474
-1.87444
-1.87413
-1.87428
-1.87277
-1.87338
-1.87384
-1.87309
-1.87385
-1.87219
-1.87128
-1.87082
-1.87111
-1.87186
-1.87292
-1.87383
-1.87354
-1.87324
-1.87415
-1.87294
-1.8725
-1.87129
-1.87083
-1.87098
-1.87157
-1.87232
-1.87157
-1.87112
-1.48794
-1.48975
-1.49006
-1.49006
-1.49022
-1.49082
-1.49218
-1.49172
-1.49218
-1.49112
-1.49234
-1.49219
-1.49174
-1.49097
-1.49066
-1.49201
-1.49277
-1.49187
-1.49127
-1.49233
-1.49293
-1.49399
-1.49519
-1.49444
-1.49429
-1.49475
-1.49491
-1.494
-1.49234
-1.49218
-1.49203
-1.49188
-1.49187
-1.49217
-1.49216
-1.49307
-1.49383
-1.49369
-1.49309
-1.49309
-1.49369
-1.49535
-1.4949
-1.49565
-1.4946
-1.49581
-1.49565
-1.49474
-1.49458
-1.49473
-1.49473
-1.49489
-1.49489
-1.49429
-1.49339
-1.49384
-1.4946
-1.4943
-1.49399
-1.49353
-1.49322
-1.49307
-1.49337
-1.49428
-1.49367
-1.49383
-1.49398
-1.49384
-1.49339
-1.49309
-1.49294
-1.49324
-1.49294
-1.49263
-1.49247
-1.49322
-1.49292
-1.49217
-1.49307
-1.49428
-1.49398
-1.49277
-1.49217
-1.49323
-1.49353
-1.49323
-1.49278
-1.49248
-1.49323
-1.49384
-1.49459
-1.49475
-1.49475
-1.49536
-1.49535
-1.49488
-1.49487
-1.49441
-1.49337
-1.49232
-1.49308
-1.49263
-1.49248
-1.49233
-1.49128
-1.49188
-1.49142
-1.49111
-1.49186
-1.49172
-1.49126
-1.49127
-1.4893
-1.48991
-1.49021
-1.49036
-1.4902
-1.49005
-1.48794
-1.48885
-1.48991
-1.49037
-1.49052
-1.49021
-1.49065
-1.49034
-1.49125
-1.49156
-1.49066
-1.49142
-1.49233
-1.49308
-1.49414
-1.49429
-1.49353
-1.49474
-1.49383
-1.49428
-1.49428
-1.49488
-1.49427
-1.49366
-1.49397
-1.49338
-1.49398
-1.49307
-1.49186
-1.49217
-1.49232
-1.49278
-1.49111
-1.49142
-1.49217
-1.49383
-1.49307
-1.49186
-1.49293
-1.49187
-1.49187
-1.49232
-1.49323
-1.49308
-1.49293
-1.49188
-1.49429
-1.49369
-1.49233
-1.49248
-1.49247
-1.49202
-1.49277
-1.49293
-1.49277
-1.49292
-1.49337
-1.49367
-1.49322
-1.49262
-1.49278
-1.49247
-1.49278
-1.49308
-1.49414
-1.49353
-1.49383
-1.49444
-1.49474
-1.49352
-1.49306
-1.49291
-1.49261
-1.49247
-1.49202
-1.49142
-1.49142
-1.49111
-1.49232
-1.49353
-1.49428
-1.49398
-1.49398
-1.49413
-1.49548
-1.49533
-1.49487
-1.49502
-1.49503
-1.49519
-1.49534
-1.49429
-1.49415
-1.49596
-1.49776
-1.49835
-1.49895
-1.49911
-1.49882
-1.49747
-1.49701
-1.49625
-1.497
-1.49685
-1.49609
-1.49579
-1.49534
-1.49609
-1.4967
-1.49564
-1.49578
-1.49653
-1.49774
-1.4976
-1.49746
-1.49762
-1.49626
-1.4946
-1.49339
-1.49309
-1.49368
-1.49246
-1.49261
-1.49261
-1.49368
-1.49505
-1.49627
-1.49536
-1.49414
-1.49353
-1.4952
-1.49429
-1.49443
-1.49654
-1.49714
-1.49759
-1.4985
-1.49942
-1.49914
-1.49839
-1.49779
-1.49642
-1.49582
-1.4943
-1.49504
-1.49594
-1.4964
-1.49534
-1.49427
-1.4923
-1.49232
-1.49264
-1.49264
-1.49234
-1.49158
-1.49036
-1.48914
-1.48929
-1.48914
-1.48975
-1.49005
-1.48975
-1.49111
-1.49111
-1.49006
-1.48961
-1.4893
-1.49051
-1.49096
-1.4899
-1.49081
-1.49172
-1.49127
-1.49097
-1.49112
-1.49157
-1.49263
-1.49262
-1.49261
-1.49216
-1.49352
-1.49473
-1.49488
-1.4958
-1.49656
-1.4961
-1.49686
-1.49777
-1.49656
-1.4955
-1.49565
-1.49488
-1.49593
-1.49714
-1.49654
-1.4964
-1.4967
-1.49791
-1.49761
-1.49731
-1.4964
-1.49716
-1.49564
-1.49517
-1.49381
-1.49367
-1.49459
-1.49505
-1.49474
-1.49459
-1.49518
-1.49518
-1.49685
-1.49625
-1.49685
-1.49715
-1.49579
-1.49565
-1.49565
-1.49519
-1.49428
-1.49291
-1.49427
-1.49473
-1.49504
-1.49459
-1.49444
-1.49429
-1.49505
-1.49474
-1.49459
-1.49549
-1.49504
-1.49594
-1.49685
-1.49579
-1.49654
-1.49669
-1.497
-1.49656
-1.49792
-1.49777
-1.49822
-1.49746
-1.49837
-1.49837
-1.49837
-1.49731
-1.49791
-1.49775
-1.4979
-1.49835
-1.49668
-1.49638
-1.49699
-1.49746
-1.49792
-1.49807
-1.49746
-1.49776
-1.49685
-1.4964
-1.497
-1.49655
-1.49654
-1.49655
-1.49549
-1.49458
-1.49277
-1.49246
-1.49276
-1.49232
-1.49263
-1.49324
-1.49308
-1.49232
-1.49157
-1.49233
-1.49234
-1.49325
-1.49522
-1.4952
-1.49397
-1.49409
-1.49471
-1.49535
-1.49582
-1.49551
-1.49626
-1.49656
-1.49626
-1.49581
-1.49671
-1.49625
-1.497
-1.49685
-1.4958
-1.49534
-1.49564
-1.4967
-1.4964
-1.4967
-1.49445
-1.49475
-1.4937
-1.49506
-1.49415
-1.49369
-1.49383
-1.49352
-1.49201
-1.49231
-1.49292
-1.49217
-1.49262
-1.49399
-1.49369
-1.4937
-1.49279
-1.49294
-1.49293
-1.49414
-1.49278
-1.49293
-1.49383
-1.49399
-1.49384
-1.49431
-1.49401
-1.49461
-1.4943
-1.49399
-1.49414
-1.49474
-1.49444
-1.49429
-1.49233
-1.49354
-1.49384
-1.49444
-1.49459
-1.49384
-1.49415
-1.49415
-1.49475
-1.4952
-1.49565
-1.49611
-1.49505
-1.4952
-1.49429
-1.49399
-1.49293
-1.49217
-1.49126
-1.49172
-1.49263
-1.49279
-1.49415
-1.49309
-1.49338
-1.49353
-1.49414
-1.49309
-1.4943
-1.4946
-1.49414
-1.49444
-1.49368
-1.49338
-1.49399
-1.49308
-1.49324
-1.49294
-1.49203
-1.49294
-1.49204
-1.49294
-1.49308
-1.49323
-1.49262
-1.49292
-1.49232
-1.49278
-1.49445
-1.4934
-1.494
-1.49431
-1.4931
-1.49248
-1.49262
-1.49171
-1.49111
-1.49202
-1.49173
-1.49219
-1.49234
-1.49248
-1.49218
-1.49112
-1.49052
-1.49052
-1.49037
-1.49082
-1.49127
-1.49111
-1.49186
-1.49246
-1.49202
-1.49248
-1.49278
-1.49263
-1.49308
-1.49307
-1.49277
-1.49292
-1.49277
-1.49308
-1.49247
-1.49202
-1.49097
-1.49112
-1.49127
-1.49127
-1.49097
-1.49218
-1.49248
-1.49368
-1.49276
-1.49216
-1.49352
-1.49338
-1.49338
-1.49383
-1.4952
-1.49566
-1.49626
-1.49626
-1.49701
-1.49671
-1.49716
-1.4958
-1.49656
-1.49565
-1.49445
-1.49415
-1.49339
-1.49277
-1.49261
-1.49261
-1.49368
-1.49384
-1.4949
-1.49491
-1.49505
-1.49581
-1.49535
-1.49505
-1.49536
-1.49641
-1.49534
-1.49624
-1.49579
-1.49551
-1.49476
-1.49401
-1.49445
-1.4952
-1.49383
-1.49367
-1.49352
-1.49261
-1.49156
-1.49141
-1.49171
-1.49096
-1.49081
-1.49157
-1.49263
-1.49324
-1.49339
-1.49279
-1.49279
-1.49218
-1.49293
-1.49353
-1.49293
-1.49218
-1.49278
-1.49218
-1.49339
-1.49384
-1.49293
-1.49323
-1.49247
-1.49201
-1.49216
-1.49171
-1.49187
-1.49323
-1.49323
-1.49293
-1.49354
-1.49429
-1.49428
-1.49533
-1.49518
-1.49594
-1.49549
-1.49535
-1.49641
-1.49611
-1.49656
-1.49716
-1.4967
-1.49715
-1.49745
-1.49806
-1.49806
-1.49791
-1.49761
-1.49762
-1.49732
-1.49898
-1.49837
-1.49852
-1.49745
-1.49715
-1.49579
-1.49549
-1.4961
-1.49596
-1.49641
-1.49702
-1.49732
-1.49882
-1.49852
-1.4973
-1.49534
-1.49488
-1.49443
-1.49352
-1.49292
-1.49413
-1.4955
-1.49687
-1.49642
-1.49732
-1.49731
-1.49791
-1.49775
-1.4982
-1.4982
-1.49896
-1.49957
-1.50018
-1.50033
-1.49988
-1.50033
-1.50079
-1.50124
-1.50002
-1.49896
-1.4988
-1.49926
-1.49911
-1.49972
-1.49791
-1.49762
-1.49717
-1.49762
-1.49627
-1.49657
-1.49657
-1.49641
-1.49563
-1.49593
-1.49608
-1.49519
-1.4946
-1.49566
-1.49521
-1.49339
-1.49308
-1.49338
-1.49339
-1.49414
-1.49278
-1.49203
-1.49202
-1.49263
-1.49323
-1.49292
-1.49247
-1.49231
-1.49353
-1.49353
-1.49414
-1.49384
-1.4943
-1.4946
-1.49414
-1.49474
-1.4955
-1.49549
-1.49489
-1.49383
-1.49504
-1.49488
-1.49443
-1.49338
-1.49292
-1.49278
-1.49323
-1.49354
-1.49339
-1.49324
-1.49263
-1.49323
-1.49398
-1.49307
-1.49232
-1.49233
-1.49127
-1.49022
-1.49083
-1.49067
-1.49111
-1.49096
-1.4908
-1.49111
-1.49128
-1.49159
-1.49189
-1.49143
-1.49113
-1.48991
-1.48991
-1.49051
-1.49021
-1.49051
-1.49097
-1.49083
-1.49023
-1.49099
-1.48993
-1.49098
-1.48962
-1.4893
-1.48959
-1.49049
-1.49049
-1.49156
-1.49157
-1.49113
-1.49023
-1.48812
-1.48872
-1.48916
-1.49006
-1.4899
-1.48975
-1.49141
-1.49188
-1.49143
-1.49144
-1.49159
-1.4919
-1.49113
-1.49097
-1.4911
-1.49142
-1.49189
-1.49311
-1.4928
-1.49325
-1.49324
-1.49369
-1.49262
-1.49232
-1.49202
-1.49248
-1.49323
-1.49429
-1.49489
-1.49429
-1.49413
-1.49383
-1.49293
-1.49233
-1.49264
-1.49219
-1.49234
-1.49098
-1.49188
-1.49158
-1.49203
-1.49127
-1.49112
-1.49096
-1.49081
-1.49051
-1.49022
-1.48992
-1.49068
-1.49037
-1.49021
-1.49052
-1.49113
-1.49158
-1.49204
-1.49188
-1.49053
-1.49083
-1.49158
-1.49263
-1.49201
-1.49201
-1.49187
-1.49187
-1.49309
-1.49415
-1.49415
-1.4934
-1.4937
-1.49354
-1.49459
-1.49459
-1.49489
-1.49579
-1.49565
-1.4955
-1.49626
-1.49687
-1.49612
-1.49537
-1.49491
-1.49536
-1.49626
-1.49671
-1.4961
-1.49549
-1.49489
-1.49339
-1.4937
-1.49235
-1.49219
-1.49113
-1.49142
-1.49126
-1.49217
-1.49066
-1.49157
-1.49202
-1.49112
-1.49082
-1.49038
-1.49023
-1.49053
-1.48962
-1.48901
-1.49006
-1.49067
-1.49083
-1.49037
-1.49248
-1.49202
-1.49127
-1.49187
-1.49218
-1.49188
-1.49187
-1.49111
-1.49126
-1.49157
-1.49142
-1.49187
-1.49217
-1.49157
-1.49173
-1.49113
-1.49233
-1.49233
-1.49278
-1.49278
-1.49293
-1.49307
-1.49443
-1.49459
-1.49429
-1.49232
-1.49217
-1.49127
-1.49142
-1.49051
-1.48961
-1.49067
-1.49022
-1.49143
-1.49188
-1.49309
-1.49187
-1.49142
-1.49141
-1.49096
-1.49095
-1.48944
-1.4896
-1.49051
-1.49082
-1.49142
-1.49202
-1.49171
-1.49126
-1.49065
-1.49202
-1.49262
-1.49187
-1.49112
-1.49309
-1.49293
-1.49308
-1.49429
-1.49489
-1.4946
-1.49505
-1.4943
-1.49429
-1.49443
-1.49412
-1.49352
-1.49307
-1.49172
-1.49067
-1.49082
-1.49066
-1.49142
-1.49126
-1.49202
-1.49203
-1.49203
-1.49279
-1.49219
-1.49233
-1.49217
-1.49156
-1.49261
-1.49246
-1.49368
-1.49444
-1.49505
-1.49339
-1.49399
-1.49429
-1.49459
-1.49398
-1.49277
-1.49323
-1.49278
-1.49248
-1.49384
-1.49444
-1.49474
-1.49444
-1.49473
-1.49428
-1.49368
-1.49308
-1.49187
-1.49111
-1.49156
-1.49261
-1.4911
-1.4914
-1.49171
-1.49202
-1.49172
-1.49172
-1.49218
-1.49203
-1.49187
-1.49172
-1.63676
-1.6366
-1.63554
-1.63585
-1.63646
-1.63661
-1.63676
-1.63571
-1.63571
-1.63661
-1.63691
-1.6363
-1.63599
-1.63645
-1.63615
-1.63721
-1.63692
-1.63722
-1.63752
-1.63736
-1.63736
-1.63827
-1.63796
-1.63781
-1.63781
-1.63766
-1.63811
-1.63781
-1.63721
-1.63615
-1.636
-1.63615
-1.63555
-1.63495
-1.63495
-1.6354
-1.63631
-1.63676
-1.6369
-1.63796
-1.63811
-1.63842
-1.63888
-1.63964
-1.63963
-1.64069
-1.64129
-1.64008
-1.64084
-1.64054
-1.63918
-1.63888
-1.63903
-1.63813
-1.63873
-1.63812
-1.63705
-1.63721
-1.63827
-1.63858
-1.63979
-1.63903
-1.63782
-1.63706
-1.63737
-1.63767
-1.63813
-1.63842
-1.63796
-1.63766
-1.63737
-1.63677
-1.63572
-1.63617
-1.63375
-1.63344
-1.63344
-1.63404
-1.63388
-1.63388
-1.63419
-1.6339
-1.63541
-1.63585
-1.63676
-1.63751
-1.63675
-1.63766
-1.63736
-1.63782
-1.63752
-1.63813
-1.63859
-1.63829
-1.63827
-1.63751
-1.6369
-1.63766
-1.63751
-1.63947
-1.63962
-1.63962
-1.63872
-1.63842
-1.63919
-1.63934
-1.64025
-1.64039
-1.64083
-1.64128
-1.64173
-1.64249
-1.64159
-1.64249
-1.64158
-1.64098
-1.64159
-1.64038
-1.64099
-1.64099
-1.6416
-1.6425
-1.64235
-1.6428
-1.6434
-1.64295
-1.64189
-1.64219
-1.64189
-1.6425
-1.64174
-1.64204
-1.64173
-1.64173
-1.64264
-1.64234
-1.64264
-1.64189
-1.64128
-1.64053
-1.64024
-1.63948
-1.63887
-1.63887
-1.63901
-1.63735
-1.63645
-1.6369
-1.63736
-1.63706
-1.63646
-1.63509
-1.63569
-1.63509
-1.63524
-1.6363
-1.63751
-1.63691
-1.63736
-1.63736
-1.63766
-1.63675
-1.63705
-1.63719
-1.63734
-1.63644
-1.63661
-1.63647
-1.63798
-1.63646
-1.63752
-1.63707
-1.63707
-1.63707
-1.63767
-1.63873
-1.63826
-1.63826
-1.63751
-1.63737
-1.63722
-1.63706
-1.63706
-1.63721
-1.63721
-1.63827
-1.63858
-1.63843
-1.63812
-1.63782
-1.63676
-1.63767
-1.63767
-1.63737
-1.63783
-1.63632
-1.63646
-1.63676
-1.63736
-1.63842
-1.63783
-1.63647
-1.63662
-1.63526
-1.63633
-1.63542
-1.63556
-1.63585
-1.63555
-1.63494
-1.6348
-1.6348
-1.63616
-1.63646
-1.63661
-1.636
-1.636
-1.6357
-1.63555
-1.6354
-1.6348
-1.6348
-1.63465
-1.6348
-1.63449
-1.6351
-1.63313
-1.63419
-1.63404
-1.63464
-1.63569
-1.63735
-1.63751
-1.63721
-1.63646
-1.63691
-1.63752
-1.63737
-1.63586
-1.63631
-1.63783
-1.63828
-1.63737
-1.6366
-1.63795
-1.63795
-1.63811
-1.63706
-1.63692
-1.63692
-1.63707
-1.63798
-1.63889
-1.63844
-1.63676
-1.63735
-1.63826
-1.63871
-1.63751
-1.63707
-1.63843
-1.63753
-1.63752
-1.63812
-1.63796
-1.63781
-1.63797
-1.63722
-1.63707
-1.63722
-1.63736
-1.63721
-1.6369
-1.63705
-1.63841
-1.63796
-1.63767
-1.63677
-1.63556
-1.63495
-1.6354
-1.63539
-1.63538
-1.63448
-1.63569
-1.63555
-1.63479
-1.63509
-1.63539
-1.63645
-1.6369
-1.63675
-1.63781
-1.63797
-1.63797
-1.63872
-1.63781
-1.63766
-1.63781
-1.63735
-1.63599
-1.63447
-1.63583
-1.63538
-1.63538
-1.63478
-1.63524
-1.63539
-1.63509
-1.63585
-1.63569
-1.63539
-1.63508
-1.63629
-1.63583
-1.63523
-1.63553
-1.63584
-1.63645
-1.6366
-1.6357
-1.636
-1.6363
-1.63751
-1.6369
-1.63569
-1.63524
-1.6357
-1.6366
-1.63645
-1.63553
-1.63507
-1.63477
-1.63446
-1.63371
-1.63311
-1.63281
-1.63342
-1.63494
-1.63479
-1.63433
-1.63448
-1.63403
-1.63463
-1.63538
-1.63568
-1.63477
-1.63553
-1.63598
-1.63659
-1.63765
-1.6372
-1.6381
-1.63824
-1.63854
-1.63839
-1.6387
-1.6387
-1.63781
-1.63751
-1.63871
-1.63856
-1.63825
-1.63932
-1.63903
-1.63903
-1.63872
-1.639
-1.64065
-1.64005
-1.63885
-1.63825
-1.63855
-1.63901
-1.63811
-1.63841
-1.63841
-1.63735
-1.63705
-1.63734
-1.63764
-1.6387
-1.63794
-1.63779
-1.63915
-1.63855
-1.6387
-1.63916
-1.63886
-1.63872
-1.63857
-1.63751
-1.63705
-1.6369
-1.63614
-1.63643
-1.63628
-1.63749
-1.63794
-1.63764
-1.63719
-1.63674
-1.6378
-1.63734
-1.63749
-1.6381
-1.63795
-1.6369
-1.6372
-1.63721
-1.6366
-1.63584
-1.63674
-1.63521
-1.63597
-1.63582
-1.6372
-1.63871
-1.63962
-1.64113
-1.64067
-1.64112
-1.64007
-1.64037
-1.64008
-1.64008
-1.64098
-1.64188
-1.64202
-1.64201
-1.64172
-1.64158
-1.64174
-1.6428
-1.64174
-1.64173
-1.64036
-1.63915
-1.63825
-1.6381
-1.63825
-1.63795
-1.63796
-1.6381
-1.63856
-1.63917
-1.63917
-1.63795
-1.63703
-1.63657
-1.63672
-1.63794
-1.63795
-1.63856
-1.63827
-1.63872
-1.63917
-1.63751
-1.63886
-1.63886
-1.63916
-1.6381
-1.63795
-1.6387
-1.6387
-1.63795
-1.6384
-1.63809
-1.63809
-1.63689
-1.63689
-1.63508
-1.63494
-1.63494
-1.63539
-1.63463
-1.63538
-1.63704
-1.63643
-1.63749
-1.63719
-1.63598
-1.63629
-1.63629
-1.6372
-1.63689
-1.63658
-1.63764
-1.63704
-1.63719
-1.63553
-1.63628
-1.63628
-1.63734
-1.63734
-1.63779
-1.63916
-1.64022
-1.63917
-1.63932
-1.63887
-1.63886
-1.6387
-1.63945
-1.6393
-1.6399
-1.6399
-1.63976
-1.64082
-1.64067
-1.64022
-1.63917
-1.63962
-1.64097
-1.64127
-1.64142
-1.64082
-1.63961
-1.63991
-1.63991
-1.63976
-1.63931
-1.63977
-1.63947
-1.63917
-1.63946
-1.63976
-1.63975
-1.6396
-1.64035
-1.64096
-1.6393
-1.64112
-1.64308
-1.64218
-1.64203
-1.64203
-1.64067
-1.64052
-1.64112
-1.64006
-1.6396
-1.6408
-1.6399
-1.64006
-1.63961
-1.63901
-1.63855
-1.6387
-1.63855
-1.63901
-1.63901
-1.63886
-1.6375
-1.6372
-1.63674
-1.63764
-1.63779
-1.63658
-1.63613
-1.63658
-1.63703
-1.63749
-1.63749
-1.63704
-1.63614
-1.63795
-1.63689
-1.63689
-1.63779
-1.63582
-1.63552
-1.63568
-1.63643
-1.63719
-1.63824
-1.63734
-1.63809
-1.63885
-1.6375
-1.63659
-1.63462
-1.63628
-1.63537
-1.63674
-1.6378
-1.6372
-1.6375
-1.63644
-1.63583
-1.63612
-1.63597
-1.63536
-1.63657
-1.63702
-1.63718
-1.63778
-1.63703
-1.63643
-1.63567
-1.63491
-1.63446
-1.634
-1.6331
-1.63416
-1.63431
-1.63537
-1.63658
-1.63582
-1.63522
-1.63507
-1.63446
-1.63522
-1.63643
-1.63658
-1.63658
-1.63658
-1.63703
-1.63778
-1.63717
-1.63657
-1.63552
-1.63597
-1.63507
-1.6337
-1.63431
-1.63461
-1.63401
-1.63326
-1.63311
-1.63402
-1.63462
-1.63447
-1.63507
-1.63567
-1.63567
-1.63598
-1.63629
-1.63765
-1.63856
-1.63734
-1.63719
-1.63492
-1.63462
-1.63446
-1.6334
-1.63325
-1.63279
-1.6334
-1.6328
-1.6334
-1.63416
-1.63386
-1.63507
-1.63432
-1.63522
-1.63568
-1.63628
-1.63688
-1.63689
-1.63598
-1.63538
-1.63447
-1.63492
-1.63446
-1.63446
-1.63415
-1.63461
-1.63416
-1.63401
-1.63492
-1.63583
-1.63553
-1.63569
-1.63523
-1.63614
-1.63613
-1.63658
-1.63627
-1.63672
-1.63552
-1.63567
-1.63537
-1.63673
-1.63568
-1.63583
-1.63719
-1.63719
-1.63749
-1.63733
-1.63794
-1.63854
-1.6393
-1.63915
-1.6396
-1.63946
-1.6387
-1.63764
-1.63764
-1.63733
-1.63824
-1.63839
-1.63794
-1.63869
-1.6399
-1.64005
-1.64005
-1.64006
-1.64112
-1.64158
-1.64112
-1.64006
-1.63991
-1.6399
-1.64035
-1.6393
-1.63884
-1.63839
-1.63794
-1.63688
-1.63672
-1.63823
-1.63762
-1.63793
-1.63778
-1.63824
-1.63794
-1.63749
-1.63794
-1.6384
-1.6384
-1.63856
-1.6378
-1.6378
-1.6378
-1.63839
-1.63869
-1.63839
-1.63809
-1.63824
-1.63733
-1.63658
-1.63703
-1.63703
-1.63823
-1.63808
-1.63567
-1.63688
-1.63673
-1.63764
-1.63976
-1.64096
-1.64141
-1.64201
-1.64216
-1.64095
-1.64171
-1.64171
-1.64201
-1.64126
-1.63991
-1.6387
-1.63794
-1.63839
-1.63899
-1.63989
-1.64081
-1.64096
-1.63945
-1.63915
-1.63945
-1.6396
-1.63914
-1.63944
-1.6405
-1.64096
-1.64066
-1.63991
-1.64037
-1.64037
-1.64067
-1.64021
-1.6393
-1.63839
-1.63748
-1.63612
-1.63552
-1.63657
-1.63808
-1.64005
-1.64142
-1.64081
-1.64066
-1.63976
-1.63824
-1.63748
-1.63809
-1.63839
-1.63854
-1.6387
-1.63855
-1.6393
-1.64036
-1.64005
-1.64006
-1.6393
-1.63991
-1.63885
-1.63778
-1.63839
-1.63854
-1.6384
-1.6384
-1.63764
-1.63658
-1.63749
-1.63749
-1.6387
-1.63855
-1.63779
-1.63779
-1.63809
-1.6393
-1.64051
-1.64081
-1.64081
-1.64142
-1.64127
-1.64037
-1.63977
-1.63901
-1.63916
-1.6387
-1.63749
-1.63763
-1.63793
-1.63764
-1.63749
-1.63599
-1.63614
-1.63644
-1.63583
-1.63643
-1.63432
-1.63568
-1.63644
-1.63794
-1.63809
-1.63855
-1.6387
-1.63734
-1.63674
-1.63719
-1.63614
-1.63629
-1.63477
-1.63295
-1.63265
-1.6319
-1.63114
-1.63205
-1.63266
-1.63312
-1.63267
-1.63236
-1.63266
-1.6322
-1.63204
-1.63144
-1.63205
-1.63266
-1.63342
-1.63373
-1.63418
-1.63373
-1.63297
-1.63251
-1.63205
-1.63386
-1.63341
-1.634
-1.63415
-1.63461
-1.63432
-1.63343
-1.63283
-1.63329
-1.63388
-1.63448
-1.63538
-1.63492
-1.63447
-1.63553
-1.63629
-1.63598
-1.63689
-1.63749
-1.63644
-1.63659
-1.63584
-1.63494
-1.63524
-1.63645
-1.63569
-1.63629
-1.63568
-1.63584
-1.6369
-1.63766
-1.63736
-1.63736
-1.63811
-1.6384
-1.6384
-1.6387
-1.63734
-1.63719
-1.63765
-1.63946
-1.63856
-1.63946
-1.63841
-1.63841
-1.6381
-1.63704
-1.63689
-1.63614
-1.6357
-1.63525
-1.63585
-1.63599
-1.63583
-1.63583
-1.63554
-1.6357
-1.63524
-1.63479
-1.63463
-1.63463
-1.63417
-1.63447
-1.63493
-1.63433
-1.63464
-1.63419
-1.63494
-1.63599
-1.63568
-1.63447
-1.63386
-1.63478
-1.63448
-1.63388
-1.63418
-1.63448
-1.63539
-1.636
-1.63524
-1.63509
-1.63463
-1.63537
-1.63567
-1.63417
-1.63374
-1.63375
-1.63526
-1.63616
-1.6354
-1.63464
-1.63493
-1.63642
-1.63702
-1.63702
-1.63628
-1.63796
-1.63827
-1.63964
-1.63964
-1.64009
-1.63933
-1.63947
-1.63962
-1.63901
-1.63825
-1.63735
-1.63628
-1.63567
-1.63658
-1.63779
-1.63856
-1.63917
-1.63782
-1.63722
-1.63706
-1.6369
-1.63659
-1.63584
-1.63659
-1.63599
-1.63614
-1.55272
-1.55272
-1.55423
-1.55257
-1.55333
-1.55212
-1.55303
-1.55363
-1.55409
-1.55289
-1.55199
-1.55259
-1.55228
-1.55349
-1.55424
-1.55394
-1.55439
-1.55393
-1.55544
-1.55424
-1.55378
-1.55484
-1.5562
-1.55499
-1.55651
-1.55667
-1.55758
-1.55864
-1.55788
-1.55727
-1.55788
-1.55712
-1.55712
-1.55591
-1.55635
-1.55695
-1.55589
-1.55651
-1.55621
-1.55652
-1.55728
-1.55713
-1.55758
-1.55818
-1.55833
-1.55758
-1.55698
-1.55653
-1.55652
-1.55635
-1.55589
-1.55605
-1.5547
-1.55456
-1.5538
-1.55335
-1.55427
-1.55427
-1.55488
-1.55381
-1.55455
-1.55393
-1.55378
-1.55334
-1.5532
-1.5532
-1.55335
-1.55335
-1.55289
-1.55259
-1.55365
-1.55364
-1.55394
-1.555
-1.55365
-1.55486
-1.55546
-1.55621
-1.55591
-1.55546
-1.55577
-1.55652
-1.55743
-1.55652
-1.55547
-1.55592
-1.55531
-1.55575
-1.55605
-1.55575
-1.55485
-1.55485
-1.5553
-1.55576
-1.55531
-1.55456
-1.55486
-1.55516
-1.55561
-1.55576
-1.55576
-1.55697
-1.55591
-1.55605
-1.55544
-1.55409
-1.55395
-1.5535
-1.55321
-1.55335
-1.55335
-1.55334
-1.55425
-1.55425
-1.55319
-1.55274
-1.55168
-1.55108
-1.55093
-1.55002
-1.55078
-1.54988
-1.54942
-1.54942
-1.54926
-1.5497
-1.55092
-1.55003
-1.54989
-1.54958
-1.54897
-1.54927
-1.54957
-1.54942
-1.55062
-1.55138
-1.55153
-1.55168
-1.55138
-1.55168
-1.55214
-1.552
-1.5514
-1.55139
-1.55169
-1.55169
-1.55108
-1.55123
-1.55093
-1.55123
-1.55078
-1.54956
-1.54941
-1.55031
-1.54972
-1.54958
-1.55049
-1.55034
-1.55079
-1.55093
-1.55153
-1.55198
-1.55183
-1.55229
-1.5523
-1.55336
-1.5523
-1.55275
-1.55259
-1.55274
-1.55349
-1.55318
-1.55196
-1.55151
-1.55243
-1.55244
-1.55305
-1.55426
-1.55335
-1.55457
-1.55533
-1.55533
-1.55563
-1.55622
-1.55619
-1.55694
-1.55772
-1.55697
-1.55682
-1.55621
-1.55667
-1.55833
-1.55713
-1.55788
-1.55834
-1.55879
-1.55819
-1.55939
-1.55803
-1.55712
-1.55666
-1.55697
-1.55637
-1.55637
-1.55622
-1.55713
-1.55713
-1.55683
-1.55773
-1.55652
-1.55651
-1.55575
-1.555
-1.55499
-1.55454
-1.55575
-1.55485
-1.55592
-1.55547
-1.55608
-1.55578
-1.55457
-1.55366
-1.55245
-1.55396
-1.55531
-1.55454
-1.55393
-1.55363
-1.55349
-1.55335
-1.55275
-1.5514
-1.5523
-1.55486
-1.5547
-1.555
-1.5562
-1.55545
-1.55606
-1.55697
-1.55621
-1.55485
-1.55486
-1.55411
-1.55396
-1.5538
-1.5535
-1.55304
-1.5535
-1.55455
-1.5547
-1.55546
-1.55441
-1.5544
-1.55349
-1.55349
-1.55303
-1.55319
-1.55289
-1.55168
-1.55304
-1.55304
-1.55214
-1.55305
-1.55365
-1.55244
-1.55288
-1.55288
-1.55229
-1.55214
-1.55229
-1.55289
-1.55334
-1.55289
-1.55319
-1.5532
-1.55214
-1.55213
-1.55289
-1.55289
-1.55304
-1.55424
-1.55425
-1.55335
-1.55169
-1.55139
-1.55154
-1.55093
-1.55138
-1.55092
-1.55063
-1.55124
-1.55094
-1.55079
-1.55079
-1.55139
-1.55199
-1.55228
-1.55213
-1.55213
-1.55061
-1.55092
-1.55047
-1.54972
-1.54942
-1.54988
-1.54942
-1.54942
-1.55048
-1.55079
-1.55185
-1.55154
-1.55078
-1.55138
-1.55047
-1.55062
-1.55002
-1.55078
-1.55093
-1.55169
-1.55229
-1.55289
-1.55364
-1.55424
-1.55319
-1.55319
-1.55274
-1.55274
-1.55274
-1.55199
-1.55289
-1.5544
-1.5547
-1.55349
-1.5535
-1.55214
-1.55259
-1.55304
-1.55168
-1.55212
-1.55136
-1.55378
-1.55318
-1.55198
-1.55213
-1.55274
-1.55381
-1.55411
-1.5535
-1.55289
-1.55243
-1.55288
-1.55348
-1.55288
-1.55288
-1.55137
-1.55257
-1.55333
-1.55424
-1.55319
-1.55335
-1.5532
-1.5529
-1.5532
-1.55214
-1.55199
-1.55198
-1.55273
-1.55212
-1.55318
-1.55424
-1.55303
-1.55273
-1.55258
-1.55213
-1.55183
-1.55243
-1.55228
-1.55198
-1.55213
-1.55365
-1.55335
-1.5535
-1.5532
-1.5538
-1.55304
-1.55273
-1.55152
-1.55242
-1.55136
-1.55181
-1.55288
-1.55365
-1.5532
-1.55229
-1.55244
-1.55259
-1.5538
-1.55455
-1.5535
-1.55243
-1.55198
-1.55123
-1.55077
-1.55183
-1.55137
-1.55227
-1.55332
-1.55498
-1.55499
-1.5553
-1.55486
-1.55501
-1.55561
-1.55515
-1.55515
-1.55546
-1.55501
-1.55592
-1.55637
-1.55591
-1.55485
-1.55606
-1.55635
-1.55514
-1.55635
-1.55605
-1.55636
-1.55621
-1.55637
-1.55501
-1.55592
-1.55591
-1.55546
-1.55515
-1.55621
-1.5553
-1.55607
-1.55502
-1.55425
-1.55363
-1.55438
-1.5547
-1.55455
-1.5541
-1.55379
-1.55364
-1.55439
-1.55454
-1.55499
-1.55394
-1.55575
-1.55681
-1.55787
-1.55757
-1.55741
-1.5565
-1.55575
-1.55605
-1.5568
-1.5562
-1.5553
-1.55561
-1.55592
-1.55592
-1.55652
-1.55682
-1.55682
-1.55697
-1.55637
-1.55531
-1.55606
-1.55545
-1.55575
-1.55561
-1.55576
-1.55455
-1.55425
-1.55485
-1.55455
-1.5547
-1.55486
-1.55425
-1.55456
-1.55349
-1.5547
-1.55531
-1.55637
-1.55577
-1.55608
-1.55562
-1.55471
-1.55365
-1.55365
-1.55379
-1.55424
-1.55273
-1.55364
-1.55411
-1.55547
-1.55486
-1.55546
-1.55501
-1.55485
-1.55485
-1.555
-1.55576
-1.55622
-1.55592
-1.555
-1.55379
-1.55424
-1.55409
-1.5544
-1.55441
-1.55365
-1.5532
-1.55305
-1.5532
-1.55275
-1.55275
-1.55274
-1.55288
-1.55393
-1.55379
-1.55305
-1.5526
-1.55455
-1.55349
-1.55455
-1.5544
-1.55607
-1.55562
-1.55577
-1.55623
-1.55622
-1.55667
-1.55591
-1.55697
-1.55743
-1.55818
-1.55697
-1.55591
-1.55501
-1.55471
-1.55517
-1.55592
-1.55577
-1.5541
-1.55304
-1.55198
-1.55229
-1.55214
-1.55213
-1.55213
-1.55258
-1.55229
-1.55289
-1.55153
-1.55259
-1.55319
-1.55501
-1.5547
-1.55456
-1.55305
-1.55335
-1.55289
-1.55243
-1.55197
-1.55212
-1.55318
-1.55289
-1.55259
-1.55229
-1.55094
-1.55048
-1.55063
-1.55018
-1.54897
-1.54912
-1.54897
-1.54897
-1.54896
-1.54941
-1.55032
-1.55063
-1.55033
-1.55063
-1.55109
-1.55154
-1.55184
-1.55033
-1.55063
-1.55063
-1.55123
-1.55243
-1.55107
-1.55213
-1.55153
-1.55274
-1.55319
-1.55319
-1.55365
-1.5535
-1.55335
-1.55335
-1.5526
-1.5532
-1.55365
-1.5541
-1.55409
-1.55303
-1.55273
-1.55304
-1.55199
-1.55214
-1.55184
-1.55259
-1.55289
-1.5532
-1.55425
-1.55455
-1.55531
-1.55652
-1.55562
-1.55592
-1.55608
-1.55609
-1.55548
-1.55457
-1.5544
-1.55272
-1.55106
-1.55273
-1.5529
-1.55185
-1.55352
-1.55322
-1.55367
-1.55426
-1.55441
-1.55349
-1.55319
-1.55365
-1.55351
-1.55366
-1.55441
-1.55516
-1.55501
-1.55637
-1.5541
-1.5544
-1.55455
-1.55471
-1.55502
-1.55396
-1.55272
-1.55241
-1.5529
-1.55171
-1.55231
-1.55245
-1.5532
-1.55244
-1.55154
-1.55049
-1.55094
-1.55154
-1.55154
-1.55184
-1.55229
-1.55214
-1.55289
-1.5532
-1.5532
-1.55229
-1.55289
-1.55274
-1.55199
-1.5535
-1.5523
-1.55275
-1.5532
-1.5535
-1.5523
-1.55215
-1.55124
-1.55213
-1.55348
-1.55394
-1.5532
-1.55306
-1.55443
-1.55382
-1.55352
-1.5526
-1.55275
-1.55441
-1.55486
-1.5541
-1.55229
-1.5538
-1.55424
-1.55379
-1.55333
-1.55379
-1.5541
-1.55547
-1.55638
-1.55684
-1.55684
-1.55745
-1.55774
-1.55743
-1.55712
-1.55605
-1.55802
-1.55848
-1.55878
-1.55939
-1.55834
-1.55819
-1.55774
-1.55715
-1.55745
-1.5573
-1.55729
-1.55758
-1.55863
-1.55818
-1.55758
-1.55773
-1.55608
-1.55593
-1.55639
-1.55638
-1.55623
-1.55487
-1.55321
-1.55427
-1.55366
-1.55457
-1.55472
-1.55335
-1.55335
-1.55426
-1.55547
-1.55532
-1.55502
-1.55472
-1.55427
-1.55382
-1.55397
-1.55442
-1.55502
-1.55577
-1.55517
-1.55517
-1.55427
-1.55457
-1.55426
-1.55501
-1.55638
-1.55638
-1.55639
-1.55623
-1.55472
-1.55547
-1.55728
-1.55713
-1.55774
-1.55699
-1.55653
-1.55653
-1.55775
-1.55851
-1.557
-1.5564
-1.5573
-1.55684
-1.55699
-1.55623
-1.55638
-1.55713
-1.55758
-1.55728
-1.55668
-1.55684
-1.5573
-1.55762
-1.5561
-1.55549
-1.55518
-1.55578
-1.55502
-1.55517
-1.55457
-1.55473
-1.55443
-1.55428
-1.55277
-1.55261
-1.55307
-1.55322
-1.55307
-1.55337
-1.55246
-1.55306
-1.552
-1.55231
-1.55246
-1.55231
-1.55277
-1.55277
-1.55292
-1.55292
-1.55292
-1.55322
-1.55428
-1.55474
-1.55459
-1.55489
-1.55428
-1.55472
-1.55472
-1.55578
-1.55669
-1.55715
-1.55731
-1.55776
-1.55701
-1.55671
-1.55655
-1.55593
-1.55638
-1.55684
-1.55715
-1.55746
-1.55776
-1.55716
-1.55731
-1.5558
-1.55595
-1.55625
-1.557
-1.5564
-1.55534
-1.55535
-1.5555
-1.5564
-1.55504
-1.55488
-1.55277
-1.55414
-1.55354
-1.55475
-1.55459
-1.55367
-1.55275
-1.55275
-1.55276
-1.55307
-1.55414
-1.5549
-1.55444
-1.55504
-1.55428
-1.55322
-1.55367
-1.55397
-1.55397
-1.55427
-1.55427
-1.55487
-1.55517
-1.55382
-1.55548
-1.55609
-1.5564
-1.5561
-1.5564
-1.55563
-1.55548
-1.55623
-1.55638
-1.55563
-1.55518
-1.55593
-1.55518
-1.55442
-1.55457
-1.55411
-1.55366
-1.55382
-1.55352
-1.55292
-1.55247
-1.55232
-1.55338
-1.55262
-1.55277
-1.55351
-1.5538
-1.55395
-1.55321
-1.55459
-1.55384
-1.55444
-1.55519
-1.55609
-1.55412
-1.55397
-1.55397
-1.55487
-1.55578
-1.55608
-1.55503
-1.55534
-1.55564
-1.55639
-1.55624
-1.55488
-1.55549
-1.55549
-1.55579
-1.55382
-1.55412
-1.55442
-1.55397
-1.55352
-1.55382
-1.55277
-1.55398
-1.55428
-1.55519
-1.55473
-1.55398
-1.55458
-1.55579
-1.55639
-1.55624
-1.55745
-1.55715
-1.55609
-1.55549
-1.55549
-1.55474
-1.55414
-1.55505
-1.55549
-1.55442
-1.55547
-1.55622
-1.55578
-1.55534
-1.55459
-1.55414
-1.55263
-1.55293
-1.55353
-1.55444
-1.55459
-1.55488
-1.55518
-1.55487
-1.55517
-1.55367
-1.55382
-1.55382
-1.55367
-1.55458
-1.55428
-1.5558
-1.55641
-1.5561
-1.5564
-1.55639
-1.55683
-1.55638
-1.55684
-1.55624
-1.55504
-1.55489
-1.55398
-1.55442
-1.55396
-1.55381
-1.55351
-1.55367
-1.55413
-1.55398
-1.55307
-1.5511
-1.5517
-1.55139
-1.55139
-1.5517
-1.55125
-1.55231
