-6.36253
-6.3548
-6.34106
-6.31926
-6.28677
-6.24207
-6.1862
-6.11507
-6.02672
-5.92019
-5.79419
-5.65059
-5.49911
-5.34912
-5.21276
-5.10069
-5.02094
-4.97484
-4.95865
-4.96533
-4.99001
-5.02126
-5.05554
-5.08806
-5.11466
-5.13417
-5.14641
-5.15243
-5.15632
-5.15886
-5.15985
-5.16124
-5.16173
-5.1587
-5.15082
-5.13596
-5.11359
-5.08578
-5.05466
-5.02526
-5.00097
-4.98093
-4.96796
-4.96116
-4.95919
-4.962
-4.97014
-4.98309
-4.99963
-5.01751
-5.03419
-5.04663
-5.05341
-5.05424
-5.04915
-5.03759
-5.02479
-5.0117
-5.00241
-4.99691
-4.99574
-4.99776
-5.00223
-5.00822
-5.01556
-5.02337
-5.02952
-5.033
-5.03467
-5.03343
-5.03093
-5.02981
-5.03206
-5.03855
-5.04907
-5.06113
-5.07147
-5.0782
-5.08297
-5.08656
-5.08829
-5.08795
-5.09009
-5.08876
-5.08511
-5.08054
-5.07569
-5.07204
-5.07216
-5.07295
-5.0762
-5.08027
-5.08497
-5.08989
-5.09357
-5.09352
-5.09097
-5.08402
-5.07473
-5.06112
-5.0443
-5.02451
-5.00217
-4.97902
-4.95518
-4.93325
-4.91593
-4.90558
-4.90496
-4.9147
-4.93312
-4.95817
-4.98729
-5.01479
-5.03662
-5.05278
-5.06188
-5.06466
-5.06017
-5.05181
-5.04251
-5.03202
-5.02525
-5.01962
-5.01491
-5.01028
-5.00554
-5.0022
-5.00169
-5.00579
-5.01674
-5.032
-5.04982
-5.0706
-5.09274
-5.11463
-5.13095
-5.14339
-5.15005
-5.15243
-5.15142
-5.15007
-5.15042
-5.15181
-5.15298
-5.1513
-5.14581
-5.13668
-5.12742
-5.11902
-5.11612
-5.11669
-5.12178
-5.12688
-5.1277
-5.12497
-5.11505
-5.09939
-5.07875
-5.05746
-5.04098
-5.03244
-5.03655
-5.05009
-5.06451
-5.07447
-5.07928
-5.08131
-5.08387
-5.08947
-5.09866
-5.10977
-5.12163
-5.13447
-5.14582
-5.15732
-5.16837
-5.17991
-5.18654
-5.18741
-5.17759
-5.16051
-5.13891
-5.11689
-5.1004
-5.09503
-5.09961
-5.11143
-5.12445
-5.13763
-5.14656
-5.15278
-5.1565
-5.156
-5.15038
-5.14025
-5.124
-5.10196
-5.0754
-5.04747
-5.01883
-4.99079
-4.96611
-4.94755
-4.93515
-4.93153
-4.93616
-4.94733
-4.96575
-4.99085
-5.02299
-5.05846
-5.09571
-5.13178
-5.16332
-5.18993
-5.20852
-5.21823
-5.22129
-5.21641
-5.20681
-5.19206
-5.17531
-5.15898
-5.13992
-5.12196
-5.10527
-5.09178
-5.08215
-5.07699
-5.07816
-5.08325
-5.09532
-5.11182
-5.13034
-5.14938
-5.16715
-5.17989
-5.18762
-5.18948
-5.18587
-5.17842
-5.1669
-5.15422
-5.1427
-5.13746
-5.1384
-5.14613
-5.16097
-5.17698
-5.19539
-5.20994
-5.21992
-5.22655
-5.22604
-5.21668
-5.20034
-5.18225
-5.1636
-5.14511
-5.12802
-5.11054
-5.09246
-5.07435
-5.05718
-5.04252
-5.03124
-5.023
-5.01907
-5.01834
-5.02071
-5.02419
-5.0269
-5.02752
-5.02383
-5.01469
-5.00182
-4.98511
-4.96961
-4.95736
-4.95357
-4.96167
-4.98185
-5.01043
-5.04431
-5.07568
-5.10118
-5.11423
-5.11446
-5.10554
-5.09051
-5.07415
-5.05895
-5.05176
-5.05244
-5.0619
-5.07742
-5.09244
-5.10685
-5.11846
-5.12577
-5.12883
-5.12593
-5.11811
-5.1063
-5.09218
-5.07747
-5.06435
-5.05141
-5.03994
-5.02978
-5.02526
-5.02931
-5.0446
-5.06729
-5.09429
-5.11839
-5.13543
-5.14345
-5.1405
-5.12915
-5.11187
-5.09327
-5.07694
-5.06725
-5.06515
-5.07053
-5.0801
-5.08986
-5.09622
-5.09605
-5.0858
-5.0681
-5.04442
-5.01743
-4.99248
-4.97307
-4.96155
-4.95796
-4.96364
-4.97494
-4.99287
-5.01389
-5.03608
-5.05368
-5.06711
-5.07034
-5.066
-5.05473
-5.04116
-5.03082
-5.02782
-5.03307
-5.04364
-5.05468
-5.06157
-5.06621
-5.0693
-5.0718
-5.07648
-5.08423
-5.09412
-5.10493
-5.11418
-5.12048
-5.1264
-5.12843
-5.12982
-5.12929
-5.12755
-5.12543
-5.12429
-5.12449
-5.12705
-5.13032
-5.13422
-5.13689
-5.13781
-5.13741
-5.13547
-5.13167
-5.12814
-5.12437
-5.12307
-5.12146
-5.12006
-5.11747
-5.11443
-5.11127
-5.10515
-5.09718
-5.09093
-5.0851
-5.07963
-5.07761
-5.07821
-5.07864
-5.07824
-5.07689
-5.07313
-5.0731
-5.0774
-5.08449
-5.09494
-5.1047
-5.11318
-5.11886
-5.12343
-5.12568
-5.12576
-5.12727
-5.13151
-5.13839
-5.14769
-5.15802
-5.16876
-5.17853
-5.1845
-5.18613
-5.1824
-5.17243
-5.15907
-5.14116
-5.12258
-5.10357
-5.08851
-5.07814
-5.07263
-5.07182
-5.075
-5.08173
-5.09014
-5.09627
-5.10069
-5.1014
-5.10025
-5.09878
-5.0976
-5.09911
-5.10302
-5.10761
-5.11102
-5.11165
-5.10533
-5.09061
-5.0697
-5.04583
-5.02714
-5.01683
-5.01905
-5.03179
-5.0518
-5.07623
-5.10425
-5.13396
-5.16424
-5.19431
-5.22259
-5.24613
-5.26459
-5.27536
-5.27953
-5.2774
-5.26794
-5.25157
-5.22869
-5.19933
-5.16711
-5.13419
-5.10265
-5.07664
-5.05792
-5.04724
-5.04165
-5.04174
-5.04721
-5.05794
-5.07467
-5.09914
-5.12405
-5.14748
-5.16321
-5.16745
-5.16221
-5.14837
-5.13661
-5.13172
-5.13831
-5.15301
-5.17225
-5.19062
-5.20349
-5.20688
-5.20034
-5.18643
-5.16761
-5.14638
-5.12581
-5.10879
-5.09986
-5.09797
-5.10332
-5.11203
-5.12274
-5.13103
-5.13528
-5.13508
-5.12968
-5.11852
-5.10153
-5.08043
-5.05564
-5.03318
-5.01858
-5.01562
-5.02716
-5.04966
-5.07858
-5.11346
-5.14688
-5.17864
-5.20542
-5.22717
-5.24478
-5.26021
-5.27325
-5.28391
-5.29082
-5.29065
-5.2821
-5.26606
-5.24319
-5.21492
-5.18295
-5.14782
-5.11284
-5.08126
-5.05361
-5.03282
-5.01911
-5.01303
-5.01402
-5.01773
-5.02403
-5.03065
-5.03843
-5.04909
-5.06266
-5.07936
-5.09373
-5.10572
-5.112
-5.11056
-5.10108
-5.08467
-5.06503
-5.0425
-5.02387
-5.00802
-4.99395
-4.98151
-4.96946
-4.95861
-4.95301
-4.95454
-4.96601
-4.98641
-5.01122
-5.04145
-5.07036
-5.09572
-5.11402
-5.12537
-5.12772
-5.12187
-5.11005
-5.0953
-5.08125
-5.07099
-5.06594
-5.06327
-5.06071
-5.05764
-5.05108
-5.04127
-5.02822
-5.01274
-4.99526
-4.97549
-4.95708
-4.94168
-4.93362
-4.9379
-4.9531
-4.97454
-4.99726
-5.01777
-5.03576
-5.04972
-5.06202
-5.07475
-5.08865
-5.10187
-5.11348
-5.12231
-5.12644
-5.12662
-5.12521
-5.12199
-5.1168
-5.11079
-5.10368
-5.09721
-5.08683
-5.07504
-5.06248
-5.05095
-5.04327
-5.0414
-5.04645
-5.05808
-5.07452
-5.08953
-5.10052
-5.1052
-5.0995
-5.0805
-5.05237
-5.01721
-4.98196
-4.9529
-4.93375
-4.92293
-4.91927
-4.9215
-4.92675
-4.93606
-4.95018
-4.9684
-4.99083
-5.01654
-5.04408
-5.0703
-5.09465
-5.11504
-5.12864
-5.13401
-5.13009
-5.11567
-5.09318
-5.06551
-5.04051
-5.02334
-5.0189
-5.02769
-5.0478
-5.07666
-5.10896
-5.14169
-5.16774
-5.18563
-5.19315
-5.19092
-5.17973
-5.16143
-5.14043
-5.1219
-5.11022
-5.10563
-5.10942
-5.11823
-5.12767
-5.13681
-5.14209
-5.14495
-5.14839
-5.15333
-5.15865
-5.16044
-5.15696
-5.14586
-5.12493
-5.09823
-5.06876
-5.04425
-5.02635
-5.01992
-5.02501
-5.03875
-5.05989
-5.08239
-5.10228
-5.11762
-5.12455
-5.12382
-5.11574
-5.10185
-5.08526
-5.07105
-5.06228
-5.06214
-5.06883
-5.08379
-5.10528
-5.12753
-5.14938
-5.16725
-5.1809
-5.18665
-5.18489
-5.17455
-5.15562
-5.13118
-5.10148
-5.07008
-5.03796
-5.00864
-4.9831
-4.9658
-4.95679
-4.95619
-4.9593
-4.96545
-4.97151
-4.97753
-4.98253
-4.98869
-4.99682
-5.01003
-5.02112
-5.03172
-5.03823
-5.04227
-5.05085
-5.06488
-5.08492
-5.10997
-5.13282
-5.14898
-5.15415
-5.14746
-5.12901
-5.10133
-5.07001
-5.04167
-5.02306
-5.02022
-5.0332
-5.05735
-5.08744
-5.11869
-5.14926
-5.17323
-5.19133
-5.20517
-5.21476
-5.22151
-5.22605
-5.22892
-5.22632
-5.21788
-5.20151
-5.17717
-5.14525
-5.10608
-5.06099
-5.01347
-4.96904
-4.93453
-4.90987
-4.89895
-4.89815
-4.90271
-4.90983
-4.91856
-4.92706
-4.93651
-4.94878
-4.9651
-4.98739
-5.0161
-5.04904
-5.08542
-5.11993
-5.14968
-5.17292
-5.18717
-5.19195
-5.18984
-5.17969
-5.16137
-5.13869
-5.11307
-5.0894
-5.06778
-5.05135
-5.03629
-5.02263
-5.00924
-4.99619
-4.98824
-4.98217
-4.98104
-4.98371
-4.98926
-4.99584
-5.00058
-5.00467
-5.00581
-5.00474
-5.00338
-5.00707
-5.0175
-5.03576
-5.05884
-5.08366
-5.10651
-5.12391
-5.13654
-5.14606
-5.15187
-5.15615
-5.15802
-5.15868
-5.15952
-5.15983
-5.16018
-5.16248
-5.1656
-5.16985
-5.17351
-5.17654
-5.17736
-5.17623
-5.17402
-5.16988
-5.16699
-5.16597
-5.16766
-5.17036
-5.17428
-5.1785
-5.18155
-5.18277
-5.17967
-5.1713
-5.15775
-5.14041
-5.12115
-5.10222
-5.08361
-5.06634
-5.04868
-5.02923
-5.0122
-5.00294
-5.00747
-5.02307
-5.04566
-5.06752
-5.08779
-5.10368
-5.11785
-5.12953
-5.13798
-5.14131
-5.1413
-5.13716
-5.12726
-5.11374
-5.09613
-5.07435
-5.05121
-5.02966
-5.01429
-5.00796
-5.01115
-5.02206
-5.0346
-5.04442
-5.04576
-5.03906
-5.02577
-5.00777
-4.98984
-4.97543
-4.96588
-4.96176
-4.96354
-4.97388
-4.99333
-5.02194
-5.05641
-5.09421
-5.13223
-5.16606
-5.19376
-5.21282
-5.2222
-5.22602
-5.22292
-5.21099
-5.19379
-5.16973
-5.14008
-5.10645
-5.07386
-5.04379
-5.02069
-5.00275
-4.99135
-4.98711
-4.99082
-4.99746
-5.00853
-5.01933
-5.03211
-5.04345
-5.05545
-5.0669
-5.07802
-5.08893
-5.10009
-5.11122
-5.11996
-5.12698
-5.12737
-5.12235
-5.11239
-5.102
-5.09595
-5.09786
-5.10656
-5.12088
-5.13617
-5.14557
-5.14642
-5.13832
-5.12389
-5.10632
-5.08652
-5.06628
-5.0486
-5.03779
-5.0369
-5.04768
-5.06902
-5.09893
-5.12844
-5.14994
-5.16296
-5.16597
-5.15814
-5.14066
-5.11748
-5.08931
-5.05664
-5.02254
-4.9869
-4.9513
-4.92079
-4.89758
-4.88153
-4.8726
-4.87144
-4.87521
-4.88603
-4.90057
-4.91816
-4.93501
-4.95156
-4.96573
-4.98132
-4.99666
-5.01285
-5.02754
-5.04233
-5.05561
-5.06933
-5.08082
-5.08874
-5.09036
-5.08382
-5.06813
-5.04661
-5.02358
-5.00732
-5.00143
-5.00657
-5.02073
-5.03932
-5.05572
-5.06865
-5.07685
-5.0851
-5.09316
-5.10339
-5.113
-5.12116
-5.12377
-5.10773
-5.06451
-5.00029
-4.9174
-4.82989
-4.74807
-4.68372
-4.64351
-4.62172
-4.61642
-4.61469
-4.61122
-4.60167
-4.58756
-4.57001
-4.55471
-4.54854
-4.55319
-4.56656
-4.58076
-4.59037
-4.59299
-4.58745
-4.58141
-4.58118
-4.59101
-4.60828
-4.62706
-4.64031
-4.64361
-4.63501
-4.61484
-4.58744
-4.55654
-4.5267
-4.5032
-4.48414
-4.47103
-4.46206
-4.45815
-4.46212
-4.47519
-4.49479
-4.52275
-4.55759
-4.59044
-4.61844
-4.63989
-4.65529
-4.66532
-4.67141
-4.67435
-4.67552
-4.67812
-4.68236
-4.68759
-4.68731
-4.6777
-4.6581
-4.62819
-4.59538
-4.56384
-4.54232
-4.53125
-4.5304
-4.53645
-4.54304
-4.5429
-4.53072
-4.50675
-4.47034
-4.42982
-4.39267
-4.36269
-4.35016
-4.36111
-4.39393
-4.44021
-4.48625
-4.52093
-4.54188
-4.55315
-4.55817
-4.56547
-4.57969
-4.60266
-4.63362
-4.66947
-4.70297
-4.72418
-4.72799
-4.71373
-4.68431
-4.64295
-4.59733
-4.55595
-4.52805
-4.52046
-4.53494
-4.56978
-4.62206
-4.686
-4.75498
-4.82383
-4.88357
-4.92894
-4.95651
-4.96743
-4.95958
-4.93942
-4.91148
-4.87785
-4.84369
-4.80985
-4.7748
-4.73903
-4.70485
-4.67732
-4.6607
-4.65627
-4.66407
-4.67694
-4.69192
-4.70015
-4.69669
-4.68088
-4.65552
-4.62302
-4.58739
-4.55448
-4.52663
-4.50429
-4.48861
-4.47784
-4.47065
-4.47043
-4.47971
-4.49876
-4.52939
-4.56606
-4.60705
-4.64723
-4.68371
-4.71621
-4.74541
-4.76801
-4.78227
-4.78951
-4.78458
-4.77046
-4.75238
-4.73524
-4.72222
-4.71325
-4.70439
-4.69101
-4.66958
-4.64182
-4.61162
-4.58684
-4.57262
-4.56772
-4.57246
-4.58551
-4.60502
-4.62484
-4.64159
-4.64873
-4.64817
-4.63991
-4.62898
-4.61636
-4.60542
-4.59762
-4.58848
-4.57245
-4.54731
-4.511
-4.47005
-4.43154
-4.40961
-4.41146
-4.43988
-4.48663
-4.54046
-4.58945
-4.62417
-4.64271
-4.64397
-4.63009
-4.60156
-4.56268
-4.52072
-4.47973
-4.44526
-4.41922
-4.40817
-4.41373
-4.4345
-4.46496
-4.4974
-4.52904
-4.55458
-4.57019
-4.57456
-4.57138
-4.56431
-4.5569
-4.55224
-4.55109
-4.55164
-4.55212
-4.55245
-4.55342
-4.55552
-4.55761
-4.56117
-4.56327
-4.56745
-4.57261
-4.57959
-4.58688
-4.59543
-4.60594
-4.62308
-4.6435
-4.66249
-4.67716
-4.6869
-4.69235
-4.69957
-4.70867
-4.71866
-4.73274
-4.74751
-4.75958
-4.76437
-4.75996
-4.74616
-4.72141
-4.68888
-4.65097
-4.61102
-4.57089
-4.52973
-4.49288
-4.46868
-4.46287
-4.47783
-4.51139
-4.55713
-4.60613
-4.65103
-4.68735
-4.71395
-4.73115
-4.73961
-4.74217
-4.73798
-4.72488
-4.70336
-4.67623
-4.65306
-4.63716
-4.63151
-4.63743
-4.64892
-4.66364
-4.67556
-4.68671
-4.7025
-4.72698
-4.75693
-4.78917
-4.81934
-4.84215
-4.85574
-4.86289
-4.86033
-4.84836
-4.82679
-4.798
-4.76783
-4.73861
-4.71771
-4.70918
-4.7135
-4.72878
-4.75246
-4.7798
-4.80975
-4.84326
-4.87938
-4.91621
-4.95122
-4.9816
-5.0005
-5.00307
-4.99055
-4.96468
-4.93128
-4.89457
-4.85958
-4.82703
-4.79372
-4.75614
-4.71234
-4.65897
-4.60468
-4.55324
-4.51363
-4.48503
-4.46413
-4.4532
-4.45892
-4.48801
-4.5368
-4.59952
-4.66765
-4.72967
-4.7793
-4.81325
-4.83538
-4.84895
-4.86014
-4.87388
-4.88974
-4.90494
-4.91249
-4.90473
-4.87524
-4.82427
-4.75899
-4.69642
-4.65272
-4.64001
-4.65335
-4.6816
-4.71656
-4.74887
-4.77307
-4.77946
-4.76741
-4.73655
-4.6916
-4.64114
-4.59354
-4.55499
-4.52357
-4.49725
-4.47529
-4.46172
-4.46439
-4.48389
-4.51272
-4.54172
-4.56597
-4.58546
-4.60113
-4.61182
-4.61522
-4.61335
-4.6114
-4.61064
-4.61123
-4.61061
-4.6067
-4.6006
-4.59449
-4.59315
-4.60416
-4.63288
-4.6748
-4.71814
-4.75374
-4.77435
-4.77924
-4.77254
-4.75476
-4.73509
-4.7161
-4.70231
-4.69391
-4.68997
-4.68453
-4.67212
-4.65166
-4.62725
-4.60379
-4.58072
-4.55935
-4.53568
-4.51218
-4.48785
-4.46579
-4.4476
-4.43155
-4.41945
-4.4085
-4.39973
-4.39843
-4.40245
-4.41294
-4.43144
-4.45406
-4.48269
-4.51457
-4.55123
-4.58755
-4.61584
-4.63078
-4.63166
-4.62024
-4.59984
-4.57903
-4.56588
-4.56342
-4.57128
-4.58756
-4.60719
-4.63119
-4.65539
-4.67648
-4.69017
-4.69523
-4.69421
-4.68569
-4.67094
-4.65411
-4.63376
-4.61249
-4.59256
-4.57386
-4.55501
-4.5373
-4.52185
-4.51514
-4.51823
-4.53369
-4.5568
-4.5841
-4.61248
-4.63844
-4.66347
-4.68434
-4.70714
-4.72751
-4.74621
-4.76345
-4.77555
-4.78316
-4.79116
-4.79761
-4.7998
-4.79564
-4.78216
-4.76172
-4.74168
-4.72958
-4.72972
-4.74213
-4.75676
-4.76532
-4.76404
-4.75369
-4.74477
-4.74808
-4.76719
-4.79621
-4.82307
-4.8413
-4.84776
-4.8393
-4.82006
-4.79867
-4.77906
-4.76894
-4.76357
-4.75816
-4.74451
-4.71809
-4.68543
-4.65512
-4.63733
-4.62801
-4.61817
-4.59924
-4.57826
-4.55456
-4.53589
-4.5233
-4.51715
-4.51564
-4.51828
-4.52739
-4.53914
-4.55213
-4.56463
-4.5746
-4.5872
-4.60482
-4.63208
-4.66872
-4.70773
-4.74464
-4.77667
-4.80148
-4.8152
-4.81909
-4.81497
-4.80239
-4.78233
-4.75993
-4.73256
-4.70572
-4.67978
-4.66074
-4.64916
-4.63982
-4.62251
-4.59268
-4.55027
-4.5101
-4.49209
-4.50703
-4.54752
-4.59384
-4.63042
-4.64796
-4.64704
-4.62888
-4.60629
-4.58397
-4.56382
-4.54839
-4.53976
-4.54372
-4.56176
-4.59252
-4.62686
-4.65173
-4.65617
-4.63522
-4.60824
-4.61283
-4.66457
-4.72904
-4.77161
-4.78647
-4.78144
-4.77505
-4.77742
-4.7831
-4.78613
-4.78116
-4.76916
-4.75169
-4.7253
-4.69138
-4.65185
-4.60766
-4.56352
-4.52555
-4.49716
-4.4856
-4.4932
-4.5218
-4.56779
-4.62714
-4.68671
-4.74242
-4.7837
-4.80908
-4.81888
-4.81944
-4.81849
-4.82144
-4.82891
-4.84037
-4.8546
-4.86976
-4.87984
-4.88295
-4.87889
-4.86722
-4.84863
-4.82738
-4.80103
-4.7713
-4.73852
-4.708
-4.68647
-4.67785
-4.67604
-4.67717
-4.67593
-4.67283
-4.66847
-4.66427
-4.65968
-4.65691
-4.65627
-4.65779
-4.65786
-4.65573
-4.64526
-4.62876
-4.60841
-4.58857
-4.57526
-4.56981
-4.57128
-4.57614
-4.58027
-4.57924
-4.57544
-4.57313
-4.5761
-4.58597
-4.60065
-4.61681
-4.63091
-4.64228
-4.65243
-4.6635
-4.67454
-4.67976
-4.67328
-4.65743
-4.64388
-4.64472
-4.66719
-4.6989
-4.72916
-4.75009
-4.75884
-4.75301
-4.73437
-4.70747
-4.67803
-4.64601
-4.6139
-4.58088
-4.54691
-4.51502
-4.49722
-4.49675
-4.51449
-4.54312
-4.57446
-4.60001
-4.61347
-4.61101
-4.59625
-4.57713
-4.56261
-4.55654
-4.55637
-4.56015
-4.56544
-4.57235
-4.58901
-4.61884
-4.6584
-4.70795
-4.76227
-4.82012
-4.87193
-4.91201
-4.9322
-4.93317
-4.91874
-4.88698
-4.84421
-4.7914
-4.73446
-4.68259
-4.64061
-4.61073
-4.58692
-4.56279
-4.53413
-4.50181
-4.4786
-4.47863
-4.50123
-4.53636
-4.56681
-4.58205
-4.57773
-4.55764
-4.53113
-4.50608
-4.49428
-4.49956
-4.52107
-4.55197
-4.58791
-4.62456
-4.65828
-4.68258
-4.69445
-4.68986
-4.66671
-4.62781
-4.57985
-4.53586
-4.5088
-4.50985
-4.5355
-4.57821
-4.62212
-4.65592
-4.67511
-4.68354
-4.6851
-4.6866
-4.69392
-4.70608
-4.72163
-4.73791
-4.75238
-4.76506
-4.77554
-4.7859
-4.80049
-4.81907
-4.83685
-4.85274
-4.86298
-4.86406
-4.85239
-4.83039
-4.80211
-4.76769
-4.7338
-4.70205
-4.67556
-4.65697
-4.64707
-4.64708
-4.65219
-4.65878
-4.66279
-4.66384
-4.66317
-4.66133
-4.65819
-4.65062
-4.64586
-4.64086
-4.64051
-4.64197
-4.64424
-4.64472
-4.63675
-4.61897
-4.58924
-4.5533
-4.52413
-4.51529
-4.52674
-4.54664
-4.55949
-4.56204
-4.55385
-4.54159
-4.52907
-4.52895
-4.54515
-4.57898
-4.62206
-4.6672
-4.70488
-4.73092
-4.74422
-4.74691
-4.73834
-4.7206
-4.68883
-4.64731
-4.59609
-4.54454
-4.49918
-4.46879
-4.45247
-4.451
-4.46203
-4.48848
-4.52613
-4.5712
-4.61722
-4.65534
-4.68156
-4.69345
-4.6893
-4.67075
-4.64387
-4.61813
-4.60276
-4.60711
-4.6263
-4.64998
-4.66686
-4.67453
-4.67411
-4.67251
-4.67403
-4.67517
-4.67279
-4.66414
-4.64892
-4.63164
-4.61763
-4.60272
-4.58409
-4.56002
-4.5292
-4.49989
-4.48158
-4.48087
-4.49539
-4.5202
-4.55041
-4.58149
-4.60544
-4.6226
-4.63164
-4.63571
-4.6357
-4.63633
-4.63604
-4.6413
-4.65027
-4.66445
-4.68145
-4.69802
-4.71284
-4.72416
-4.73163
-4.73256
-4.73056
-4.72647
-4.72592
-4.73119
-4.74318
-4.75788
-4.76983
-4.77393
-4.76521
-4.7417
-4.70596
-4.66405
-4.62637
-4.5997
-4.5823
-4.57529
-4.57586
-4.5872
-4.6093
-4.63934
-4.67006
-4.69696
-4.7151
-4.72649
-4.73863
-4.75716
-4.78292
-4.81286
-4.84373
-4.87123
-4.89235
-4.90124
-4.89997
-4.88583
-4.85863
-4.82201
-4.78148
-4.74494
-4.72214
-4.71721
-4.72834
-4.74624
-4.75964
-4.76205
-4.75129
-4.7269
-4.69092
-4.64823
-4.60339
-4.56392
-4.53031
-4.50653
-4.49689
-4.50308
-4.51642
-4.52897
-4.53564
-4.53963
-4.54548
-4.55968
-4.58482
-4.61894
-4.65427
-4.68265
-4.69444
-4.68708
-4.66229
-4.62328
-4.57165
-4.51167
-4.44821
-4.39182
-4.35712
-4.3571
-4.39145
-4.45227
-4.52153
-4.58761
-4.63926
-4.66932
-4.67575
-4.66435
-4.64046
-4.60821
-4.57304
-4.53712
-4.50039
-4.4617
-4.42259
-4.38425
-4.34642
-4.31161
-4.28225
-4.26259
-4.25822
-4.2746
-4.31085
-4.36206
-4.4225
-4.48819
-4.55535
-4.61936
-4.67443
-4.71992
-4.74966
-4.76039
-4.75751
-4.74859
-4.73792
-4.72996
-4.7246
-4.71766
-4.70508
-4.68923
-4.67515
-4.67072
-4.67795
-4.69553
-4.72073
-4.74774
-4.77183
-4.78899
-4.79427
-4.7847
-4.76247
-4.72873
-4.69013
-4.64961
-4.6121
-4.58044
-4.55577
-4.5359
-4.52057
-4.50878
-4.50372
-4.5078
-4.52167
-4.54511
-4.56658
-4.58097
-4.58324
-4.57518
-4.55931
-4.5408
-4.52546
-4.51941
-4.523
-4.53459
-4.55225
-4.5707
-4.58624
-4.60109
-4.61515
-4.62916
-4.64259
-4.6585
-4.67719
-4.69996
-4.72366
-4.74759
-4.75981
-4.76556
-4.76366
-4.75577
-4.74081
-4.71902
-4.69165
-4.66441
-4.6424
-4.6268
-4.6178
-4.61716
-4.62063
-4.62623
-4.62966
-4.62719
-4.61632
-4.5982
-4.5722
-4.54053
-4.50797
-4.48005
-4.45903
-4.44675
-4.44449
-4.44966
-4.45945
-4.47097
-4.48571
-4.49923
-4.50342
-4.49231
-4.46468
-4.42672
-4.39119
-4.3741
-4.384
-4.42663
-4.48936
-4.55687
-4.61381
-4.6507
-4.6638
-4.65508
-4.62813
-4.58501
-4.52978
-4.47055
-4.41684
-4.37845
-4.3592
-4.35562
-4.36688
-4.38935
-4.4199
-4.4533
-4.48701
-4.5159
-4.53679
-4.55211
-4.56218
-4.57493
-4.59157
-4.61041
-4.62828
-4.63739
-4.63335
-4.61206
-4.5727
-4.5255
-4.48975
-4.48617
-4.50869
-4.53402
-4.54429
-4.52843
-4.48672
-4.4227
-4.34784
-4.27002
-4.20609
-4.16678
-4.16159
-4.18886
-4.24004
-4.30239
-4.36253
-4.40596
-4.43175
-4.44251
-4.44548
-4.44358
-4.43451
-4.4182
-4.39017
-4.35097
-4.30333
-4.25757
-4.2237
-4.2139
-4.23293
-4.2828
-4.35037
-4.42253
-4.48485
-4.52247
-4.53348
-4.52016
-4.48672
-4.44455
-4.40353
-4.36754
-4.33843
-4.32113
-4.3202
-4.3277
-4.34387
-4.36396
-4.38555
-4.40643
-4.42676
-4.44345
-4.46019
-4.4731
-4.48005
-4.47417
-4.4551
-4.42147
-4.38281
-4.34937
-4.33228
-4.33564
-4.3568
-4.38636
-4.41667
-4.44082
-4.45165
-4.44349
-4.4188
-4.38806
-4.36833
-4.36782
-4.39008
-4.42694
-4.46458
-4.50188
-4.53045
-4.54798
-4.55583
-4.54998
-4.53326
-4.50499
-4.47024
-4.43562
-4.41397
-4.41146
-4.42929
-4.4571
-4.48606
-4.50676
-4.51499
-4.51168
-4.50592
-4.50928
-4.52807
-4.55887
-4.59568
-4.62635
-4.64076
-4.63982
-4.62292
-4.59841
-4.57055
-4.54213
-4.51751
-4.49456
-4.47802
-4.46909
-4.47153
-4.4911
-4.5249
-4.5636
-4.59233
-4.60327
-4.60024
-4.58825
-4.57087
-4.54931
-4.52923
-4.51676
-4.51565
-4.52378
-4.53774
-4.55152
-4.56338
-4.56848
-4.56252
-4.54352
-4.50895
-4.46197
-4.41452
-4.39231
-4.40388
-4.43628
-4.46331
-4.48343
-4.50653
-4.541
-4.57939
-4.60983
-4.62497
-4.62309
-4.60507
-4.57761
-4.54504
-4.51509
-4.49334
-4.47925
-4.47084
-4.46897
-4.47765
-4.50043
-4.53308
-4.5689
-4.5991
-4.61864
-4.62842
-4.62944
-4.6247
-4.62151
-4.61981
-4.62103
-4.62152
-4.61759
-4.6091
-4.5972
-4.58609
-4.57411
-4.56092
-4.5424
-4.51217
-4.47228
-4.42955
-4.39367
-4.3769
-4.38637
-4.41487
-4.45235
-4.49138
-4.52317
-4.5417
-4.54557
-4.53842
-4.52138
-4.49965
-4.48211
-4.4756
-4.4845
-4.50177
-4.52166
-4.53857
-4.55208
-4.56405
-4.57522
-4.58297
-4.58213
-4.56684
-4.53551
-4.49258
-4.43941
-4.38457
-4.33275
-4.29039
-4.26386
-4.24867
-4.24231
-4.23864
-4.23833
-4.24412
-4.25681
-4.27522
-4.29435
-4.31204
-4.32935
-4.35139
-4.37875
-4.41095
-4.44502
-4.47637
-4.50384
-4.53111
-4.55724
-4.57754
-4.58734
-4.57991
-4.54989
-4.49985
-4.45221
-4.43666
-4.46785
-4.52287
-4.57584
-4.61464
-4.64124
-4.66416
-4.69522
-4.73582
-4.76862
-4.78265
-4.77345
-4.7451
-4.71081
-4.67819
-4.6544
-4.64311
-4.64197
-4.64689
-4.65238
-4.65213
-4.64208
-4.62285
-4.60288
-4.59549
-4.60396
-4.61935
-4.63057
-4.63131
-4.62087
-4.60303
-4.57247
-4.5311
-4.48097
-4.42783
-4.37385
-4.32362
-4.28069
-4.25164
-4.24017
-4.25056
-4.28824
-4.35714
-4.44324
-4.53217
-4.60335
-4.64994
-4.66758
-4.65857
-4.63353
-4.59989
-4.56342
-4.53382
-4.50852
-4.4853
-4.45669
-4.42629
-4.39813
-4.37763
-4.36393
-4.35305
-4.34368
-4.33708
-4.33684
-4.3488
-4.3788
-4.42925
-4.48888
-4.54058
-4.57151
-4.5753
-4.55726
-4.52374
-4.48515
-4.4484
-4.41425
-4.3781
-4.34052
-4.29949
-4.25904
-4.21943
-4.18732
-4.16324
-4.15263
-4.15649
-4.1724
-4.19137
-4.20728
-4.22075
-4.24107
-4.27688
-4.32646
-4.38358
-4.44086
-4.4934
-4.54107
-4.57743
-4.60153
-4.61229
-4.60995
-4.60507
-4.60806
-4.62639
-4.65711
-4.69027
-4.71547
-4.72281
-4.70853
-4.67425
-4.62956
-4.58813
-4.56409
-4.56038
-4.57036
-4.58279
-4.59105
-4.59237
-4.58471
-4.57243
-4.55466
-4.5283
-4.48819
-4.43981
-4.38803
-4.34765
-4.32847
-4.33729
-4.36929
-4.41303
-4.45995
-4.50684
-4.5488
-4.57926
-4.59819
-4.60432
-4.59748
-4.57825
-4.54545
-4.504
-4.46112
-4.4293
-4.4176
-4.42223
-4.43436
-4.44438
-4.44942
-4.4502
-4.4538
-4.46514
-4.48593
-4.51529
-4.54459
-4.5619
-4.55913
-4.53344
-4.49189
-4.44498
-4.39867
-4.35517
-4.31278
-4.27493
-4.25299
-4.26107
-4.30571
-4.37376
-4.44562
-4.50898
-4.5543
-4.5784
-4.58127
-4.56426
-4.53039
-4.48707
-4.4401
-4.39592
-4.35849
-4.33261
-4.31841
-4.31988
-4.33357
-4.35797
-4.38781
-4.4142
-4.43449
-4.44171
-4.43644
-4.42189
-4.4025
-4.38114
-4.36277
-4.35014
-4.34621
-4.35599
-4.38058
-4.41553
-4.45329
-4.48516
-4.50406
-4.51133
-4.5129
-4.51461
-4.51957
-4.5318
-4.54869
-4.56842
-4.58437
-4.59554
-4.60284
-4.60869
-4.61898
-4.63585
-4.65993
-4.68582
-4.707
-4.71536
-4.70842
-4.68169
-4.63873
-4.5858
-4.54116
-4.51788
-4.5089
-4.50115
-4.4824
-4.45723
-4.43775
-4.4365
-4.45579
-4.49473
-4.54313
-4.58876
-4.62203
-4.63972
-4.63799
-4.62427
-4.60261
-4.57751
-4.55313
-4.52992
-4.50911
-4.4911
-4.47612
-4.45952
-4.4414
-4.42246
-4.40322
-4.39019
-4.38974
-4.40239
-4.42106
-4.44187
-4.45834
-4.4664
-4.46726
-4.46523
-4.45993
-4.45992
-4.46525
-4.4753
-4.48731
-4.49904
-4.50619
-4.50888
-4.50914
-4.51298
-4.51759
-4.52164
-4.52126
-4.5151
-4.50197
-4.48596
-4.47621
-4.48204
-4.50332
-4.53367
-4.5656
-4.59457
-4.61727
-4.63394
-4.64191
-4.64201
-4.63503
-4.62745
-4.61857
-4.61165
-4.6034
-4.59234
-4.57609
-4.55695
-4.5367
-4.51922
-4.50497
-4.49534
-4.4878
-4.47701
-4.45835
-4.4328
-4.40397
-4.37485
-4.35757
-4.35736
-4.3738
-4.40665
-4.44432
-4.47829
-4.49784
-4.49617
-4.4726
-4.43217
-4.3852
-4.34926
-4.33054
-4.33352
-4.35575
-4.39347
-4.43426
-4.4638
-4.4699
-4.45102
-4.41424
-4.37705
-4.36459
-4.38176
-4.41763
-4.45431
-4.48602
-4.51024
-4.5267
-4.53746
-4.54354
-4.54778
-4.54882
-4.54706
-4.54399
-4.53937
-4.53028
-4.51899
-4.51126
-4.51152
-4.51979
-4.53424
-4.55417
-4.57696
-4.60471
-4.63111
-4.64982
-4.65582
-4.64235
-4.61062
-4.56369
-4.51595
-4.47913
-4.46306
-4.4666
-4.48416
-4.50957
-4.54161
-4.5846
-4.63473
-4.68149
-4.7153
-4.73055
-4.71805
-4.68194
-4.63032
-4.57724
-4.53404
-4.5092
-4.50107
-4.49994
-4.49651
-4.48421
-4.46317
-4.43145
-4.39344
-4.35511
-4.32008
-4.29445
-4.28284
-4.29035
-4.31538
-4.35521
-4.40259
-4.44786
-4.48264
-4.50139
-4.50235
-4.49217
-4.48358
-4.48733
-4.50864
-4.54628
-4.59122
-4.63279
-4.66229
-4.67563
-4.6737
-4.65301
-4.61599
-4.56425
-4.50115
-4.4318
-4.36184
-4.2992
-4.25203
-4.22743
-4.22903
-4.25617
-4.30197
-4.35406
-4.40144
-4.43436
-4.45189
-4.45732
-4.4599
-4.46964
-4.48011
-4.48404
-4.4814
-4.47329
-4.46689
-4.45915
-4.44469
-4.42098
-4.38724
-4.34851
-4.3079
-4.27
-4.23459
-4.20966
-4.20029
-4.21064
-4.24179
-4.28971
-4.35012
-4.41366
-4.47157
-4.51201
-4.52862
-4.52188
-4.50275
-4.49047
-4.49542
-4.51364
-4.536
-4.5578
-4.57004
-4.57127
-4.55665
-4.53195
-4.49824
-4.45798
-4.41729
-4.37802
-4.34599
-4.32472
-4.31841
-4.32614
-4.34681
-4.37765
-4.41405
-4.45728
-4.50697
-4.55968
-4.614
-4.66099
-4.69458
-4.70957
-4.70012
-4.6688
-4.6204
-4.5653
-4.51795
-4.47732
-4.44261
-4.40884
-4.37692
-4.35764
-4.35979
-4.38463
-4.42132
-4.45595
-4.48247
-4.4937
-4.48694
-4.46952
-4.44952
-4.4391
-4.4445
-4.46153
-4.47862
-4.48955
-4.49488
-4.49214
-4.4794
-4.46352
-4.46156
-4.48567
-4.53397
-4.58663
-4.62928
-4.65702
-4.66327
-4.65132
-4.62351
-4.58783
-4.55469
-4.53172
-4.52411
-4.53124
-4.54571
-4.56468
-4.58374
-4.60144
-4.6121
-4.61241
-4.60221
-4.58061
-4.54921
-4.51538
-4.48487
-4.46129
-4.44858
-4.44715
-4.44799
-4.44411
-4.43249
-4.41396
-4.39338
-4.38379
-4.38462
-4.39858
-4.41872
-4.44224
-4.46688
-4.48919
-4.50241
-4.49752
-4.47038
-4.42143
-4.35967
-4.29343
-4.231
-4.18057
-4.15022
-4.14281
-4.15372
-4.17532
-4.19608
-4.21099
-4.2228
-4.23525
-4.25368
-4.27444
-4.29591
-4.31813
-4.34409
-4.37947
-4.42063
-4.45718
-4.48232
-4.49347
-4.49057
-4.47651
-4.45319
-4.42916
-4.40588
-4.39299
-4.39321
-4.40064
-4.40895
-4.40831
-4.39594
-4.38178
-4.36993
-4.36793
-4.37977
-4.40362
-4.43871
-4.4845
-4.53984
-4.60316
-4.66294
-4.71292
-4.74746
-4.76607
-4.77462
-4.77507
-4.77005
-4.76324
-4.75331
-4.73803
-4.71739
-4.68584
-4.64279
-4.59145
-4.53808
-4.49204
-4.46487
-4.46086
-4.47184
-4.48593
-4.49416
-4.49957
-4.51237
-4.53853
-4.57719
-4.61382
-4.63768
-4.64024
-4.6211
-4.58055
-4.52238
-4.45465
-4.388
-4.33782
-4.31207
-4.30879
-4.32043
-4.33426
-4.34646
-4.35574
-4.36199
-4.36278
-4.36035
-4.35495
-4.35093
-4.35205
-4.36225
-4.37897
-4.39401
-4.40546
-4.41628
-4.42541
-4.43587
-4.44443
-4.44927
-4.44988
-4.44696
-4.43848
-4.42851
-4.41512
-4.40295
-4.39463
-4.39504
-4.40773
-4.43224
-4.46547
-4.49891
-4.5198
-4.52149
-4.50193
-4.46356
-4.41715
-4.37098
-4.33602
-4.31501
-4.31054
-4.32253
-4.34932
-4.38839
-4.43059
-4.46562
-4.48622
-4.48432
-4.46377
-4.42485
-4.37512
-4.3251
-4.28073
-4.24459
-4.21843
-4.1995
-4.18922
-4.18743
-4.19607
-4.21728
-4.24934
-4.29394
-4.3437
-4.38983
-4.42651
-4.44332
-4.44171
-4.42659
-4.40988
-4.40496
-4.41996
-4.45261
-4.49289
-4.53313
-4.56883
-4.592
-4.59939
-4.58282
-4.54077
-4.47921
-4.4151
-4.36732
-4.34194
-4.33712
-4.34454
-4.36187
-4.38773
-4.42036
-4.45245
-4.47589
-4.48738
-4.48779
-4.48638
-4.48289
-4.47539
-4.45123
-4.40697
-4.34774
-4.28867
-4.24764
-4.23102
-4.23463
-4.25136
-4.27443
-4.29774
-4.3232
-4.35518
-4.39408
-4.43744
-4.47473
-4.4957
-4.49473
-4.47202
-4.43405
-4.38626
-4.33526
-4.28582
-4.24336
-4.2177
-4.22337
-4.26135
-4.31411
-4.36136
-4.39516
-4.41783
-4.43492
-4.44516
-4.44945
-4.44041
-4.41924
-4.38369
-4.34218
-4.30897
-4.29568
-4.30626
-4.33624
-4.376
-4.41555
-4.44713
-4.46647
-4.46889
-4.45171
-4.41767
-4.37263
-4.32663
-4.28929
-4.26651
-4.2599
-4.2671
-4.28942
-4.32294
-4.36133
-4.39803
-4.42884
-4.45056
-4.45962
-4.45167
-4.42835
-4.39602
-4.36368
-4.33489
-4.31136
-4.29434
-4.28265
-4.27596
-4.2762
-4.28457
-4.30027
-4.31876
-4.33843
-4.35753
-4.37335
-4.38456
-4.38996
-4.39098
-4.38542
-4.36822
-4.33411
-4.2826
-4.22721
-4.1935
-4.2032
-4.25918
-4.34385
-4.43574
-4.51617
-4.57953
-4.62247
-4.64217
-4.64145
-4.62292
-4.59857
-4.5803
-4.56958
-4.56206
-4.55296
-4.53795
-4.52083
-4.49855
-4.47366
-4.45132
-4.43739
-4.43264
-4.43973
-4.44805
-4.44621
-4.42708
-4.39287
-4.35891
-4.34302
-4.35873
-4.39973
-4.44947
-4.49512
-4.52619
-4.53856
-4.53096
-4.50301
-4.45976
-4.41104
-4.35691
-4.30191
-4.24686
-4.19897
-4.16572
-4.15793
-4.17724
-4.20989
-4.24451
-4.27377
-4.30144
-4.33208
-4.36329
-4.39185
-4.41151
-4.42465
-4.43148
-4.43749
-4.44567
-4.46154
-4.48592
-4.50984
-4.53399
-4.55818
-4.58256
-4.60362
-4.61966
-4.62804
-4.63142
-4.61994
-4.59205
-4.54927
-4.49459
-4.43688
-4.38599
-4.34193
-4.30229
-4.26737
-4.24167
-4.22926
-4.22931
-4.23801
-4.2514
-4.26486
-4.27673
-4.28363
-4.28386
-4.27419
-4.2586
-4.2391
-4.21857
-4.2028
-4.20624
-4.23862
-4.29674
-4.36676
-4.43406
-4.49031
-4.5323
-4.55773
-4.56916
-4.56738
-4.55427
-4.53019
-4.49639
-4.45386
-4.40907
-4.36979
-4.34898
-4.35406
-4.38244
-4.42641
-4.4751
-4.51555
-4.53905
-4.54043
-4.52083
-4.49382
-4.4816
-4.49479
-4.52303
-4.54454
-4.54765
-4.53106
-4.50485
-4.47579
-4.44954
-4.42797
-4.40871
-4.39108
-4.37275
-4.35288
-4.33751
-4.33275
-4.34761
-4.38469
-4.43717
-4.48912
-4.52582
-4.54296
-4.54024
-4.51887
-4.48326
-4.44262
-4.41761
-4.42019
-4.4498
-4.48626
-4.50563
-4.49397
-4.4567
-4.40679
-4.35434
-4.29545
-4.23701
-4.19335
-4.17824
-4.20314
-4.26771
-4.35999
-4.45727
-4.53564
-4.57904
-4.58208
-4.55007
-4.48943
-4.41608
-4.34448
-4.28489
-4.23721
-4.20862
-4.21503
-4.26381
-4.33228
-4.39195
-4.4268
-4.43487
-4.42328
-4.40313
-4.38569
-4.37467
-4.3713
-4.37286
-4.37822
-4.38908
-4.40023
-4.40837
-4.41171
-4.40844
-4.40222
-4.395
-4.38778
-4.38104
-4.36758
-4.34212
-4.30456
-4.25529
-4.19566
-4.12923
-4.06074
-4.0026
-3.968
-3.96711
-3.99591
-4.04555
-4.10841
-4.17333
-4.23005
-4.27603
-4.30924
-4.32701
-4.33017
-4.32029
-4.30201
-4.29047
-4.29452
-4.31329
-4.34172
-4.37047
-4.39367
-4.40635
-4.40954
-4.40207
-4.38545
-4.35953
-4.34117
-4.34667
-4.38354
-4.43664
-4.4835
-4.51234
-4.52461
-4.52824
-4.52875
-4.52977
-4.52434
-4.51323
-4.49468
-4.46787
-4.43503
-4.39348
-4.3425
-4.28724
-4.24079
-4.22096
-4.22748
-4.25162
-4.28037
-4.30498
-4.31862
-4.31949
-4.3068
-4.28575
-4.26243
-4.2392
-4.22277
-4.21612
-4.22233
-4.25028
-4.30274
-4.3816
-4.47372
-4.56009
-4.6226
-4.66129
-4.67893
-4.68222
-4.66908
-4.63897
-4.59035
-4.52877
-4.45846
-4.38902
-4.32852
-4.28313
-4.2668
-4.28304
-4.31758
-4.34875
-4.36313
-4.35978
-4.34617
-4.32589
-4.30324
-4.27939
-4.25482
-4.23753
-4.23238
-4.23669
-4.24661
-4.26151
-4.29148
-4.34247
-4.41052
-4.485
-4.55186
-4.60216
-4.63594
-4.65812
-4.67115
-4.66502
-4.62937
-4.55825
-4.4563
-4.35037
-4.2882
-4.30421
-4.37832
-4.45999
-4.51975
-4.55487
-4.5661
-4.55421
-4.51985
-4.4681
-4.40609
-4.349
-4.30181
-4.26414
-4.23684
-4.22338
-4.22781
-4.2501
-4.28852
-4.32819
-4.3614
-4.37659
-4.37383
-4.34709
-4.30248
-4.2505
-4.20524
-4.17947
-4.18175
-4.20698
-4.24587
-4.295
-4.3503
-4.40379
-4.44863
-4.4753
-4.48403
-4.48038
-4.47621
-4.47436
-4.47956
-4.49223
-4.51607
-4.55011
-4.58029
-4.59005
-4.57759
-4.54692
-4.50704
-4.46561
-4.42831
-4.39743
-4.37549
-4.36075
-4.35748
-4.36107
-4.37466
-4.39963
-4.43251
-4.46623
-4.48967
-4.49891
-4.49409
-4.47919
-4.45839
-4.43396
-4.41155
-4.38897
-4.36512
-4.33707
-4.30942
-4.28943
-4.28509
-4.29537
-4.31166
-4.32699
-4.33495
-4.34527
-4.36536
-4.39904
-4.43849
-4.47733
-4.50467
-4.52011
-4.53068
-4.54093
-4.55473
-4.57065
-4.58343
-4.59383
-4.59883
-4.59515
-4.5804
-4.54713
-4.49958
-4.44245
-4.38936
-4.3525
-4.33967
-4.34614
-4.3656
-4.38924
-4.40543
-4.41237
-4.40353
-4.37624
-4.33797
-4.30298
-4.28671
-4.29975
-4.33888
-4.38827
-4.4364
-4.47299
-4.49551
-4.50692
-4.51223
-4.51358
-4.50662
-4.48517
-4.44851
-4.40053
-4.35041
-4.31205
-4.29437
-4.29762
-4.31496
-4.3339
-4.34789
-4.35831
-4.36812
-4.38189
-4.40304
-4.43109
-4.46476
-4.49878
-4.52916
-4.5507
-4.56243
-4.56164
-4.54668
-4.51506
-4.46646
-4.40064
-4.33119
-4.27498
-4.24883
-4.2531
-4.27457
-4.30767
-4.34846
-4.39161
-4.42727
-4.45022
-4.45886
-4.45867
-4.45286
-4.44578
-4.43512
-4.42477
-4.41013
-4.38917
-4.35937
-4.32113
-4.28588
-4.27038
-4.28556
-4.32884
-4.38264
-4.43236
-4.46598
-4.48157
-4.48143
-4.46763
-4.44405
-4.40998
-4.36332
-4.30687
-4.26404
-4.25012
-4.261
-4.27053
-4.25854
-4.22228
-4.16895
-4.10877
-4.05758
-4.02395
-4.01246
-4.02494
-4.06055
-4.11417
-4.17772
-4.24683
-4.31765
-4.38627
-4.44779
-4.49698
-4.52889
-4.54292
-4.54017
-4.52979
-4.52019
-4.51717
-4.5205
-4.52482
-4.52236
-4.51565
-4.50328
-4.48458
-4.46178
-4.43497
-4.41103
-4.39601
-4.39108
-4.39502
-4.40283
-4.40607
-4.40172
-4.38964
-4.37118
-4.35135
-4.34004
-4.34148
-4.35916
-4.38618
-4.41495
-4.43725
-4.44509
-4.44017
-4.42583
-4.40805
-4.39672
-4.39546
-4.40535
-4.42553
-4.45592
-4.49143
-4.5238
-4.54613
-4.55952
-4.56207
-4.5611
-4.56041
-4.56753
-4.58328
-4.6074
-4.63282
-4.64907
-4.64981
-4.63044
-4.59125
-4.53929
-4.48058
-4.42587
-4.38284
-4.35667
-4.34597
-4.35202
-4.37942
-4.42879
-4.48595
-4.53198
-4.55268
-4.55013
-4.52834
-4.4984
-4.47099
-4.45975
-4.47016
-4.50018
-4.53837
-4.5735
-4.59739
-4.60644
-4.60102
-4.57995
-4.54451
-4.49763
-4.45024
-4.41527
-4.4028
-4.41487
-4.44748
-4.48683
-4.5253
-4.55102
-4.55696
-4.53504
-4.48695
-4.41351
-4.3247
-4.24024
-4.18809
-4.18309
-4.21794
-4.27257
-4.32725
-4.36665
-4.38936
-4.40369
-4.41484
-4.42381
-4.42927
-4.4253
-4.41411
-4.39796
-4.37965
-4.36181
-4.34742
-4.34231
-4.35169
-4.37806
-4.41509
-4.45664
-4.49239
-4.51759
-4.52891
-4.52695
-4.51701
-4.5029
-4.48827
-4.47623
-4.46819
-4.46777
-4.47282
-4.4857
-4.50602
-4.53317
-4.56379
-4.59392
-4.61708
-4.62647
-4.61781
-4.59075
-4.55376
-4.51709
-4.48909
-4.47516
-4.47191
-4.46905
-4.45909
-4.43882
-4.40747
-4.37529
-4.3545
-4.35685
-4.38415
-4.42524
-4.46461
-4.49007
-4.49635
-4.48661
-4.46616
-4.44484
-4.42902
-4.42309
-4.43248
-4.45513
-4.48064
-4.49586
-4.49162
-4.4588
-4.40051
-4.31689
-4.22309
-4.13768
-4.0823
-4.06935
-4.09914
-4.15429
-4.21557
-4.26631
-4.29555
-4.30464
-4.296
-4.28194
-4.27464
-4.28538
-4.31883
-4.36595
-4.41384
-4.44926
-4.46179
-4.44795
-4.41054
-4.366
-4.33907
-4.34631
-4.37522
-4.39715
-4.39083
-4.35761
-4.30639
-4.25095
-4.20077
-4.16607
-4.14867
-4.1465
-4.15396
-4.16823
-4.18969
-4.22087
-4.26573
-4.32286
-4.38745
-4.45315
-4.51192
-4.55417
-4.57636
-4.57586
-4.55958
-4.52845
-4.48814
-4.44048
-4.39336
-4.35449
-4.33106
-4.32465
-4.32964
-4.33555
-4.33659
-4.33641
-4.34985
-4.37886
-4.40937
-4.42915
-4.43612
-4.43062
-4.41087
-4.37745
-4.33051
-4.27917
-4.23735
-4.22148
-4.23348
-4.26438
-4.30248
-4.33657
-4.3589
-4.36483
-4.35429
-4.32897
-4.29882
-4.27216
-4.25917
-4.26514
-4.28998
-4.33279
-4.38756
-4.44151
-4.48129
-4.50081
-4.49854
-4.47761
-4.44403
-4.40712
-4.37741
-4.36342
-4.3655
-4.37532
-4.38291
-4.3727
-4.34187
-4.29132
-4.23345
-4.18015
-4.14518
-4.13131
-4.14295
-4.17322
-4.21662
-4.26886
-4.31953
-4.35899
-4.38212
-4.38887
-4.38699
-4.38391
-4.37891
-4.36785
-4.34564
-4.31651
-4.2842
-4.26081
-4.24969
-4.24179
-4.22874
-4.21192
-4.20033
-4.20504
-4.22372
-4.24736
-4.27224
-4.29884
-4.32832
-4.35989
-4.38546
-4.40167
-4.4037
-4.39541
-4.38067
-4.36629
-4.35828
-4.36154
-4.37338
-4.39087
-4.40842
-4.42681
-4.44333
-4.46113
-4.47861
-4.49526
-4.50974
-4.51466
-4.50886
-4.48627
-4.44816
-4.39599
-4.34041
-4.28825
-4.24325
-4.20889
-4.18478
-4.17379
-4.17104
-4.16843
-4.16123
-4.14847
-4.13393
-4.12583
-4.13016
-4.15035
-4.18001
-4.21201
-4.24111
-4.26535
-4.27821
-4.28394
-4.28876
-4.29671
-4.30627
-4.30957
-4.29657
-4.27159
-4.24563
-4.23104
-4.23502
-4.25609
-4.28418
-4.3103
-4.33019
-4.34442
-4.36015
-4.37941
-4.40265
-4.42233
-4.43147
-4.42419
-4.39528
-4.34857
-4.29071
-4.23617
-4.2046
-4.20163
-4.22241
-4.25014
-4.27422
-4.28885
-4.29833
-4.30025
-4.29785
-4.29798
-4.30833
-4.33038
-4.35405
-4.37433
-4.39097
-4.4007
-4.40227
-4.39569
-4.386
-4.37672
-4.37031
-4.36432
-4.35355
-4.33667
-4.31755
-4.30384
-4.30168
-4.3203
-4.35568
-4.40031
-4.4446
-4.48172
-4.50644
-4.51494
-4.50795
-4.4889
-4.46222
-4.44209
-4.43301
-4.43851
-4.45325
-4.46986
-4.48296
-4.48742
-4.48445
-4.47562
-4.46323
-4.45291
-4.45269
-4.46652
-4.49035
-4.51891
-4.54083
-4.55216
-4.55193
-4.54449
-4.53652
-4.53214
-4.52919
-4.5279
-4.52805
-4.53064
-4.53853
-4.5515
-4.5688
-4.58718
-4.60442
-4.61682
-4.62095
-4.61584
-4.60132
-4.57792
-4.54808
-4.51573
-4.48843
-4.47535
-4.47806
-4.49279
-4.50925
-4.51894
-4.51854
-4.51297
-4.50493
-4.49449
-4.48338
-4.46527
-4.43828
-4.40472
-4.36453
-4.31493
-4.25738
-4.19412
-4.13902
-4.10632
-4.0961
-4.09645
-4.09995
-4.10246
-4.10996
-4.12746
-4.15476
-4.18534
-4.21458
-4.24327
-4.27791
-4.3266
-4.388
-4.4499
-4.49727
-4.52314
-4.52168
-4.50156
-4.46795
-4.43019
-4.39645
-4.37462
-4.36484
-4.35898
-4.35229
-4.34124
-4.33236
-4.33136
-4.34108
-4.36547
-4.3998
-4.44221
-4.48435
-4.51719
-4.52822
-4.51179
-4.47642
-4.43738
-4.40856
-4.39527
-4.39538
-4.41153
-4.43844
-4.47571
-4.52024
-4.5688
-4.61156
-4.63244
-4.62168
-4.57826
-4.51789
-4.46117
-4.4224
-4.40403
-4.39923
-4.40726
-4.42389
-4.45178
-4.48994
-4.52981
-4.5676
-4.5945
-4.60877
-4.61095
-4.60222
-4.58665
-4.56653
-4.54413
-4.52259
-4.50317
-4.4798
-4.45029
-4.41279
-4.37472
-4.34138
-4.31875
-4.30844
-4.30602
-4.31108
-4.32318
-4.34669
-4.3796
-4.41415
-4.44121
-4.45908
-4.47192
-4.48556
-4.50224
-4.52335
-4.54427
-4.55955
-4.56635
-4.56243
-4.54551
-4.52172
-4.49576
-4.4758
-4.46257
-4.45184
-4.4366
-4.41524
-4.38433
-4.34652
-4.30556
-4.27129
-4.25297
-4.26398
-4.30822
-4.37376
-4.437
-4.48634
-4.51452
-4.52937
-4.52867
-4.51417
-4.48411
-4.43901
-4.38349
-4.32903
-4.29555
-4.28782
-4.29544
-4.30514
-4.31443
-4.32631
-4.34275
-4.36293
-4.38461
-4.40044
-4.40624
-4.40214
-4.392
-4.37955
-4.37005
-4.36083
-4.35054
-4.33689
-4.3154
-4.29359
-4.28014
-4.2851
-4.3092
-4.34117
-4.37159
-4.39676
-4.41046
-4.41236
-4.39337
-4.35754
-4.31489
-4.27942
-4.25826
-4.24911
-4.2453
-4.2437
-4.2412
-4.24085
-4.24512
-4.25784
-4.27968
-4.31073
-4.34717
-4.38232
-4.41137
-4.43061
-4.44091
-4.44386
-4.44259
-4.43344
-4.4205
-4.39909
-4.37397
-4.35103
-4.33694
-4.33272
-4.33751
-4.34642
-4.35741
-4.3686
-4.37849
-4.38311
-4.38072
-4.36637
-4.33616
-4.29182
-4.243
-4.20576
-4.19051
-4.20306
-4.23294
-4.26716
-4.29483
-4.31313
-4.32029
-4.30884
-4.2729
-4.22034
-4.17418
-4.15207
-4.16131
-4.19466
-4.23915
-4.27894
-4.29869
-4.2998
-4.28909
-4.27604
-4.26871
-4.26805
-4.26945
-4.27032
-4.26797
-4.26417
-4.26423
-4.27345
-4.29653
-4.33617
-4.3853
-4.43493
-4.47142
-4.4854
-4.47444
-4.44351
-4.404
-4.37324
-4.36121
-4.36845
-4.38004
-4.387
-4.38914
-4.39024
-4.3973
-4.41165
-4.43125
-4.45276
-4.46812
-4.47312
-4.46654
-4.44767
-4.42299
-4.39554
-4.36611
-4.336
-4.31015
-4.29828
-4.30079
-4.31909
-4.34581
-4.37474
-4.39792
-4.4107
-4.41251
-4.40226
-4.38446
-4.3647
-4.35011
-4.34223
-4.34552
-4.36189
-4.38928
-4.42383
-4.45658
-4.47845
-4.48884
-4.48938
-4.48439
-4.47393
-4.46369
-4.45822
-4.4546
-4.44564
-4.4272
-4.40428
-4.38752
-4.38552
-4.403
-4.43947
-4.4911
-4.55002
-4.6069
-4.65242
-4.67791
-4.68311
-4.671
-4.64408
-4.60751
-4.56339
-4.51459
-4.4651
-4.42185
-4.38294
-4.34442
-4.30063
-4.24646
-4.18775
-4.1327
-4.09637
-4.08846
-4.11134
-4.15696
-4.2114
-4.26327
-4.30799
-4.34638
-4.38765
-4.4332
-4.4646
-4.4648
-4.42944
-4.37592
-4.33214
-4.31345
-4.32202
-4.34938
-4.38687
-4.426
-4.45682
-4.47526
-4.47696
-4.46163
-4.43424
-4.40073
-4.36883
-4.34852
-4.34473
-4.36193
-4.39691
-4.44007
-4.48933
-4.54032
-4.58685
-4.62312
-4.64292
-4.64192
-4.62144
-4.58445
-4.53735
-4.49278
-4.46039
-4.44794
-4.45249
-4.46928
-4.49291
-4.51752
-4.54062
-4.55892
-4.57653
-4.59357
-4.60546
-4.60671
-4.59434
-4.56257
-4.5091
-4.4369
-4.35848
-4.29002
-4.25722
-4.26207
-4.29277
-4.32935
-4.36067
-4.38589
-4.40455
-4.42309
-4.44049
-4.4554
-4.4574
-4.44054
-4.40532
-4.35945
-4.31742
-4.29492
-4.29789
-4.31946
-4.34358
-4.35587
-4.34747
-4.32641
-4.30095
-4.28207
-4.2741
-4.2766
-4.28533
-4.2949
-4.30252
-4.30712
-4.30951
-4.3082
-4.29859
-4.28029
-4.26737
-4.28242
-4.33915
-4.43089
-4.53743
-4.64332
-4.73328
-4.80016
-4.84008
-4.85244
-4.84624
-4.82181
-4.78561
-4.74037
-4.69223
-4.64482
-4.60035
-4.56289
-4.53826
-4.52755
-4.53288
-4.54987
-4.57385
-4.59332
-4.60501
-4.60343
-4.58775
-4.55811
-4.52177
-4.48395
-4.44625
-4.41555
-4.3911
-4.37494
-4.3685
-4.36586
-4.364
-4.35981
-4.35788
-4.36478
-4.38019
-4.40437
-4.42974
-4.45697
-4.48281
-4.51115
-4.54154
-4.57472
-4.60719
-4.63121
-4.63766
-4.62425
-4.58785
-4.53414
-4.47235
-4.41589
-4.37403
-4.35564
-4.36064
-4.38443
-4.41976
-4.45555
-4.48538
-4.50348
-4.50953
-4.50452
-4.49151
-4.47714
-4.46485
-4.4578
-4.46196
-4.47836
-4.50483
-4.53267
-4.55228
-4.55373
-4.53491
-4.49905
-4.45285
-4.40652
-4.37105
-4.35444
-4.3556
-4.36641
-4.38506
-4.40324
-4.41597
-4.42594
-4.43077
-4.42624
-4.41301
-4.3916
-4.36452
-4.34252
-4.33655
-4.34959
-4.38223
-4.42076
-4.45253
-4.47284
-4.48678
-4.50117
-4.51834
-4.53082
-4.53103
-4.51396
-4.4825
-4.43959
-4.39324
-4.34863
-4.3107
-4.28307
-4.26444
-4.25352
-4.25281
-4.26395
-4.28351
-4.30293
-4.31762
-4.31896
-4.31259
-4.30312
-4.29254
-4.28914
-4.29169
-4.2981
-4.30637
-4.31791
-4.33336
-4.3587
-4.39083
-4.42226
-4.45086
-4.47615
-4.50901
-4.54679
-4.58959
-4.62561
-4.64618
-4.65044
-4.63639
-4.6097
-4.57735
-4.54561
-4.52148
-4.51231
-4.51748
-4.53552
-4.56216
-4.58997
-4.61666
-4.6408
-4.66333
-4.68609
-4.70977
-4.73377
-4.75916
-4.78104
-4.79923
-4.81136
-4.81468
-4.81187
-4.80408
-4.79008
-4.76917
-4.73719
-4.69134
-4.6349
-4.57379
-4.51528
-4.46506
-4.42575
-4.40088
-4.38876
-4.38677
-4.38747
-4.39062
-4.40082
-4.41805
-4.44108
-4.46674
-4.49009
-4.50644
-4.5121
-4.50803
-4.50053
-4.49592
-4.50033
-4.51501
-4.53065
-4.53617
-4.52229
-4.48614
-4.43412
-4.36815
-4.29808
-4.22858
-4.16543
-4.11621
-4.08318
-4.0688
-4.07023
-4.08772
-4.11667
-4.15203
-4.19305
-4.23253
-4.26956
-4.29877
-4.32086
-4.33784
-4.3498
-4.35399
-4.34807
-4.32957
-4.30152
-4.26691
-4.23619
-4.21908
-4.22252
-4.24226
-4.27237
-4.30824
-4.34559
-4.37862
-4.40161
-4.40647
-4.3935
-4.36673
-4.33895
-4.3188
-4.31221
-4.31697
-4.33358
-4.35529
-4.37809
-4.39277
-4.40005
-4.39935
-4.38954
-4.37521
-4.35911
-4.34558
-4.33605
-4.33176
-4.33105
-4.33254
-4.3304
-4.32097
-4.30452
-4.28687
-4.27391
-4.27403
-4.28787
-4.31256
-4.34548
-4.38718
-4.44276
-4.51286
-4.58522
-4.64569
-4.68283
-4.69278
-4.67672
-4.64065
-4.59076
-4.53521
-4.47842
-4.42545
-4.37529
-4.32684
-4.28094
-4.24437
-4.22613
-4.23117
-4.26618
-4.3244
-4.39574
-4.46891
-4.53936
-4.60586
-4.66439
-4.70903
-4.73399
-4.73344
-4.70804
-4.66067
-4.59964
-4.53331
-4.46932
-4.41284
-4.36598
-4.32767
-4.2993
-4.28221
-4.27564
-4.28328
-4.30449
-4.33709
-4.38106
-4.42307
-4.45791
-4.48062
-4.48798
-4.48398
-4.47718
-4.47385
-4.47499
-4.4816
-4.4889
-4.49744
-4.5038
-4.50323
-4.49091
-4.46551
-4.43351
-4.40639
-4.3952
-4.39958
-4.4095
-4.41444
-4.41187
-4.40083
-4.38588
-4.3768
-4.38587
-4.4178
-4.46593
-4.51854
-4.56511
-4.60068
-4.62023
-4.62264
-4.60669
-4.57532
-4.53492
-4.49336
-4.45753
-4.43327
-4.42296
-4.42476
-4.43635
-4.4526
-4.46722
-4.47862
-4.4841
-4.48566
-4.48916
-4.49973
-4.51766
-4.54119
-4.56353
-4.57604
-4.57751
-4.5718
-4.56307
-4.55503
-4.54427
-4.52967
-4.50821
-4.48636
-4.4714
-4.46191
-4.45398
-4.44565
-4.43928
-4.44114
-4.4542
-4.46958
-4.4834
-4.49114
-4.49389
-4.49355
-4.49043
-4.48664
-4.48379
-4.4836
-4.48759
-4.49499
-4.50021
-4.49768
-4.48355
-4.45448
-4.41108
-4.35528
-4.29652
-4.25192
-4.23274
-4.23869
-4.25877
-4.27738
-4.28975
-4.29417
-4.29298
-4.29152
-4.28727
-4.28646
-4.28477
-4.28415
-4.28412
-4.28805
-4.29641
-4.30807
-4.32335
-4.33815
-4.345
-4.34428
-4.33492
-4.32334
-4.31664
-4.31554
-4.32003
-4.32852
-4.33335
-4.32734
-4.30338
-4.26188
-4.21172
-4.16681
-4.14189
-4.14138
-4.16397
-4.20126
-4.24494
-4.28523
-4.31294
-4.31944
-4.30436
-4.27501
-4.24123
-4.21395
-4.19567
-4.19712
-4.22364
-4.2773
-4.34815
-4.41822
-4.46846
-4.4864
-4.4694
-4.4264
-4.37192
-4.3163
-4.26604
-4.22237
-4.18342
-4.152
-4.13485
-4.13216
-4.14152
-4.16304
-4.18988
-4.21639
-4.23774
-4.25052
-4.25368
-4.25616
-4.26107
-4.27223
-4.28635
-4.29551
-4.29249
-4.27496
-4.24458
-4.20755
-4.17496
-4.15596
-4.15054
-4.15868
-4.1766
-4.2036
-4.23429
-4.27009
-4.30321
-4.3348
-4.36617
-4.40317
-4.45219
-4.50872
-4.56219
-4.59899
-4.61273
-4.60486
-4.5879
-4.57522
-4.56881
-4.56116
-4.54222
-4.51096
-4.47376
-4.43979
-4.41614
-4.40866
-4.41817
-4.43914
-4.46307
-4.47695
-4.47691
-4.4641
-4.44505
-4.43016
-4.42795
-4.44021
-4.45891
-4.47706
-4.49006
-4.49461
-4.4908
-4.47704
-4.45134
-4.41679
-4.37926
-4.35396
-4.35299
-4.37662
-4.41296
-4.43972
-4.44108
-4.4084
-4.34472
-4.26368
-4.18295
-4.12265
-4.10247
-4.13846
-4.22714
-4.34729
-4.46385
-4.5552
-4.60644
-4.61655
-4.5878
-4.53125
-4.4584
-4.38164
-4.31122
-4.25125
-4.20433
-4.17799
-4.18327
-4.22297
-4.28824
-4.36166
-4.42192
-4.45849
-4.46824
-4.45868
-4.44366
-4.4321
-4.42467
-4.41435
-4.40403
-4.39382
-4.39178
-4.40045
-4.41502
-4.44006
-4.46963
-4.50642
-4.54748
-4.59024
-4.62473
-4.64262
-4.6396
-4.61401
-4.57281
-4.52015
-4.46223
-4.40782
-4.36107
-4.32764
-4.30241
-4.28804
-4.28701
-4.3014
-4.32928
-4.37218
-4.41813
-4.45964
-4.4883
-4.49892
-4.49423
-4.47733
-4.44788
-4.41086
-4.36844
-4.33051
-4.30653
-4.30466
-4.32872
-4.36507
-4.39996
-4.42239
-4.42753
-4.41915
-4.40252
-4.38369
-4.36458
-4.3405
-4.30223
-4.24952
-4.19844
-4.17637
-4.1987
-4.25183
-4.3181
-4.38206
-4.43601
-4.47252
-4.4807
-4.456
-4.39654
-4.3188
-4.2488
-4.21665
-4.22153
-4.24198
-4.26086
-4.27367
-4.28092
-4.2827
-4.27872
-4.27063
-4.26065
-4.25766
-4.26617
-4.27887
-4.29246
-4.30014
-4.30732
-4.32017
-4.34101
-4.36361
-4.37797
-4.37848
-4.36311
-4.33506
-4.29663
-4.2481
-4.2033
-4.1794
-4.18493
-4.21229
-4.25172
-4.29729
-4.34609
-4.39314
-4.43326
-4.46281
-4.47877
-4.48273
-4.47722
-4.46425
-4.44593
-4.42208
-4.40517
-4.40469
-4.42562
-4.46226
-4.49712
-4.51663
-4.51584
-4.49772
-4.47036
-4.44192
-4.41545
-4.39373
-4.37937
-4.36943
-4.3615
-4.35207
-4.33741
-4.31802
-4.28849
-4.25027
-4.20784
-4.17109
-4.1553
-4.17194
-4.21033
-4.24857
-4.2675
-4.26511
-4.25011
-4.23033
-4.21138
-4.19842
-4.19239
-4.19594
-4.21176
-4.24052
-4.28202
-4.32966
-4.37191
-4.39866
-4.40653
-4.39771
-4.37828
-4.35401
-4.32845
-4.29961
-4.26861
-4.23763
-4.21365
-4.20694
-4.22389
-4.26109
-4.30977
-4.35461
-4.38117
-4.38856
-4.38323
-4.37833
-4.3841
-4.40425
-4.43473
-4.46123
-4.47054
-4.4513
-4.40946
-4.35297
-4.29325
-4.23703
-4.18994
-4.16705
-4.18375
-4.23601
-4.30166
-4.36493
-4.41861
-4.4579
-4.48349
-4.48563
-4.45548
-4.38933
-4.29573
-4.20724
-4.16811
-4.1837
-4.22488
-4.27504
-4.33047
-4.39239
-4.45691
-4.51444
-4.56574
-4.6064
-4.63493
-4.64833
-4.64945
-4.63851
-4.62742
-4.62406
-4.63042
-4.64072
-4.65022
-4.65171
-4.6402
-4.60891
-4.55709
-4.49001
-4.41424
-4.3471
-4.29868
-4.276
-4.28227
-4.31701
-4.38018
-4.46169
-4.55516
-4.64434
-4.72044
-4.77406
-4.80118
-4.80056
-4.77128
-4.72108
-4.65881
-4.59879
-4.55764
-4.54196
-4.54784
-4.56306
-4.57245
-4.56475
-4.53876
-4.49614
-4.43996
-4.38397
-4.33916
-4.30926
-4.29839
-4.30261
-4.3169
-4.34014
-4.37073
-4.40047
-4.42517
-4.44282
-4.45496
-4.46363
-4.47164
-4.47992
-4.48646
-4.49011
-4.48535
-4.47375
-4.45594
-4.4406
-4.43456
-4.44243
-4.45887
-4.47499
-4.48817
-4.49349
-4.49405
-4.4944
-4.49052
-4.48059
-4.47646
-4.48523
-4.50194
-4.51377
-4.51282
-4.50074
-4.48203
-4.45941
-4.4346
-4.40467
-4.36864
-4.33223
-4.30103
-4.27788
-4.26639
-4.27021
-4.28759
-4.31247
-4.33274
-4.34052
-4.33425
-4.32058
-4.31124
-4.3099
-4.31679
-4.32724
-4.3319
-4.32441
-4.3002
-4.26045
-4.21079
-4.16032
-4.11812
-4.09227
-4.08643
-4.10507
-4.14088
-4.18548
-4.23041
-4.26919
-4.29718
-4.31653
-4.32954
-4.33293
-4.32346
-4.29733
-4.26288
-4.23538
-4.22099
-4.22231
-4.23282
-4.24962
-4.2668
-4.28314
-4.29784
-4.31364
-4.33476
-4.36384
-4.39923
-4.44015
-4.48044
-4.51706
-4.54638
-4.565
-4.57447
-4.57605
-4.57272
-4.56741
-4.56135
-4.54773
-4.52666
-4.49653
-4.45944
-4.42625
-4.40267
-4.39991
-4.41322
-4.44039
-4.47432
-4.50325
-4.51711
-4.50782
-4.47395
-4.42167
-4.36124
-4.3042
-4.25715
-4.22145
-4.19905
-4.18869
-4.19838
-4.2296
-4.28155
-4.34145
-4.39883
-4.44313
-4.47117
-4.4833
-4.4778
-4.45843
-4.42982
-4.40331
-4.38927
-4.39714
-4.42227
-4.45588
-4.49708
-4.54279
-4.58892
-4.63117
-4.66703
-4.69456
-4.71564
-4.73093
-4.73891
-4.73246
-4.71056
-4.67054
-4.61402
-4.542
-4.46403
-4.39085
-4.33952
-4.31888
-4.34021
-4.3992
-4.47823
-4.55617
-4.62099
-4.66972
-4.70113
-4.71748
-4.71866
-4.70483
-4.68004
-4.64775
-4.60931
-4.56598
-4.51912
-4.46867
-4.42619
-4.40332
-4.41012
-4.44252
-4.48939
-4.5331
-4.5639
-4.58004
-4.58559
-4.58758
-4.58536
-4.57239
-4.54571
-4.50222
-4.4436
-4.37453
-4.30491
-4.24256
-4.19948
-4.18769
-4.20192
-4.23571
-4.27877
-4.325
-4.36655
-4.40127
-4.42239
-4.43151
-4.43428
-4.43699
-4.43749
-4.43497
-4.4178
-4.384
-4.34406
-4.32041
-4.31836
-4.32456
-4.32636
-4.32217
-4.31485
-4.30728
-4.29824
-4.28868
-4.27767
-4.27066
-4.26375
-4.2562
-4.24633
-4.23808
-4.23424
-4.23829
-4.25211
-4.27616
-4.30927
-4.3493
-4.38935
-4.41751
-4.42578
-4.41465
-4.39043
-4.36197
-4.33212
-4.29603
-4.25203
-4.20827
-4.17145
-4.14852
-4.13477
-4.12542
-4.11669
-4.1134
-4.12066
-4.13907
-4.16716
-4.19899
-4.22952
-4.2592
-4.28793
-4.32332
-4.36434
-4.40769
-4.4414
-4.45863
-4.45447
-4.43246
-4.39878
-4.36056
-4.32546
-4.30619
-4.30946
-4.33592
-4.3689
-4.39688
-4.41135
-4.41621
-4.41342
-4.41014
-4.41109
-4.41719
-4.42506
-4.42809
-4.42277
-4.41266
-4.40799
-4.42032
-4.44707
-4.47883
-4.50341
-4.51501
-4.5148
-4.50425
-4.48246
-4.44464
-4.38862
-4.31861
-4.25157
-4.21083
-4.20391
-4.21556
-4.22477
-4.22954
-4.23424
-4.25173
-4.27634
-4.30175
-4.31503
-4.31398
-4.29768
-4.2704
-4.24376
-4.2249
-4.21688
-4.21366
-4.21669
-4.2275
-4.24942
-4.27832
-4.30717
-4.32864
-4.3376
-4.33254
-4.31717
-4.30043
-4.28693
-4.27884
-4.27297
-4.271
-4.27729
-4.29494
-4.31887
-4.34285
-4.35749
-4.36458
-4.36146
-4.35151
-4.33347
-4.31084
-4.28125
-4.24629
-4.20496
-4.16528
-4.13822
-4.13331
-4.15344
-4.19183
-4.24009
-4.28724
-4.3244
-4.35074
-4.36669
-4.37273
-4.37005
-4.36215
-4.34985
-4.33868
-4.33639
-4.35017
-4.37981
-4.4179
-4.45768
-4.49557
-4.52695
-4.54704
-4.55128
-4.53507
-4.50145
-4.45105
-4.39173
-4.33399
-4.28463
-4.25199
-4.22865
-4.2155
-4.21252
-4.22254
-4.24261
-4.26289
-4.27662
-4.28086
-4.27406
-4.25856
-4.23446
-4.20645
-4.18192
-4.16913
-4.17516
-4.19767
-4.22618
-4.25419
-4.27734
-4.3024
-4.33276
-4.36516
-4.39386
-4.41603
-4.43415
-4.44808
-4.45368
-4.45141
-4.43466
-4.39654
-4.33194
-4.24507
-4.15464
-4.08645
-4.0642
-4.09334
-4.15365
-4.22418
-4.28974
-4.33193
-4.34806
-4.34349
-4.33241
-4.32791
-4.3367
-4.35458
-4.36984
-4.37317
-4.36121
-4.33667
-4.30407
-4.26999
-4.23279
-4.20181
-4.1753
-4.15037
-4.12078
-4.08152
-4.05077
-4.07156
-4.15374
-4.2468
-4.31651
-4.36062
-4.39433
-4.42502
-4.45442
-4.47749
-4.49181
-4.49623
-4.49312
-4.48651
-4.47841
-4.46985
-4.46397
-4.45953
-4.45389
-4.44261
-4.42838
-4.41409
-4.40341
-4.3971
-4.38566
-4.37169
-4.35549
-4.33965
-4.32242
-4.30275
-4.27899
-4.26504
-4.27762
-4.3253
-4.40122
-4.48841
-4.56601
-4.6147
-4.63115
-4.61779
-4.58425
-4.53964
-4.48839
-4.43533
-4.38297
-4.33747
-4.29902
-4.27541
-4.27462
-4.29913
-4.33958
-4.38194
-4.41095
-4.4177
-4.39659
-4.3467
-4.27109
-4.18022
-4.09059
-4.01958
-3.98535
-3.98673
-4.01754
-4.06746
-4.12576
-4.18802
-4.24528
-4.28857
-4.31094
-4.30808
-4.28578
-4.25771
-4.2412
-4.24552
-4.27415
-4.3233
-4.38097
-4.43791
-4.48234
-4.50873
-4.51914
-4.51622
-4.50245
-4.47983
-4.44356
-4.39967
-4.35188
-4.30646
-4.27244
-4.25375
-4.2524
-4.26714
-4.29662
-4.33483
-4.37294
-4.40204
-4.4162
-4.41344
-4.39798
-4.37906
-4.36409
-4.35621
-4.34693
-4.33246
-4.31359
-4.3004
-4.29693
-4.2966
-4.2922
-4.27935
-4.26019
-4.24639
-4.24384
-4.25123
-4.26692
-4.28223
-4.29555
-4.30863
-4.32379
-4.33532
-4.33341
-4.31526
-4.28151
-4.23504
-4.1866
-4.14307
-4.11216
-4.09737
-4.10121
-4.12668
-4.17488
-4.24032
-4.30713
-4.35598
-4.37265
-4.36021
-4.33047
-4.30144
-4.28404
-4.28481
-4.2988
-4.32094
-4.34329
-4.36157
-4.37263
-4.37997
-4.38376
-4.38331
-4.37865
-4.37124
-4.36131
-4.35464
-4.35129
-4.35569
-4.3644
-4.37364
-4.38161
-4.38624
-4.38742
-4.38376
-4.37579
-4.36747
-4.36283
-4.35732
-4.34232
-4.31424
-4.27643
-4.24176
-4.21899
-4.21492
-4.22739
-4.24963
-4.27195
-4.28486
-4.27858
-4.25051
-4.20449
-4.15762
-4.13623
-4.14879
-4.18232
-4.22083
-4.25738
-4.29014
-4.31954
-4.33956
-4.35183
-4.35938
-4.3695
-4.38369
-4.40243
-4.42287
-4.43601
-4.43795
-4.42975
-4.42199
-4.41456
-4.41106
-4.40073
-4.38047
-4.34544
-4.30451
-4.27448
-4.27196
-4.30161
-4.35412
-4.41112
-4.4547
-4.47542
-4.47542
-4.45801
-4.43263
-4.40931
-4.39252
-4.38513
-4.38779
-4.39867
-4.41811
-4.44511
-4.47669
-4.51268
-4.54134
-4.55531
-4.54868
-4.52221
-4.47995
-4.43412
-4.3963
-4.37169
-4.35951
-4.35629
-4.35889
-4.36261
-4.36867
-4.38004
-4.3997
-4.43207
-4.4769
-4.52682
-4.57267
-4.60546
-4.6178
-4.60729
-4.57349
-4.52742
-4.4815
-4.4521
-4.45731
-4.49748
-4.55372
-4.59698
-4.61906
-4.61842
-4.60026
-4.56911
-4.53758
-4.51019
-4.49105
-4.47986
-4.47449
-4.47086
-4.46709
-4.45796
-4.44273
-4.4217
-4.39642
-4.36958
-4.33745
-4.30373
-4.27342
-4.2583
-4.25794
-4.26909
-4.2891
-4.31531
-4.34127
-4.36554
-4.38114
-4.38853
-4.38678
-4.37881
-4.36874
-4.35935
-4.35315
-4.35186
-4.35652
-4.36151
-4.36558
-4.36999
-4.37441
-4.37167
-4.35324
-4.3163
-4.2662
-4.21866
-4.19627
-4.20848
-4.2528
-4.31722
-4.38403
-4.43836
-4.46975
-4.48037
-4.47163
-4.44385
-4.39553
-4.33359
-4.27227
-4.22693
-4.20641
-4.20531
-4.22111
-4.25035
-4.29489
-4.35436
-4.41696
-4.47125
-4.50267
-4.50713
-4.4907
-4.46399
-4.44243
-4.43576
-4.44748
-4.46776
-4.48429
-4.48684
-4.46793
-4.43441
-4.39792
-4.37323
-4.36278
-4.35995
-4.35643
-4.34792
-4.3346
-4.31831
-4.30708
-4.3045
-4.31873
-4.35064
-4.39059
-4.42759
