2.84778
2.84006
2.82631
2.80557
2.7764
2.73684
2.68444
2.61647
2.53039
2.42447
2.29877
2.15638
2.00429
1.85326
1.71585
1.60333
1.52267
1.47536
1.4581
1.46463
1.4875
1.51934
1.55378
1.58584
1.61229
1.63164
1.64404
1.65097
1.65455
1.65679
1.65885
1.66068
1.66117
1.65845
1.65041
1.6354
1.61303
1.58476
1.5538
1.5241
1.49891
1.47977
1.46665
1.45895
1.45637
1.45918
1.46762
1.48117
1.49831
1.51665
1.53347
1.54637
1.5536
1.55428
1.54859
1.53793
1.52483
1.51235
1.50291
1.49757
1.49609
1.49781
1.50212
1.50857
1.51651
1.52478
1.53183
1.53621
1.53729
1.53574
1.53354
1.53318
1.53649
1.54388
1.55425
1.56555
1.57559
1.58292
1.58739
1.58992
1.59181
1.59359
1.59466
1.59379
1.59044
1.58542
1.58042
1.57692
1.57568
1.57678
1.57988
1.58439
1.58955
1.59431
1.59754
1.59824
1.5957
1.5895
1.5796
1.56615
1.54948
1.52999
1.50811
1.4845
1.46052
1.43843
1.42112
1.41122
1.41045
1.41943
1.43755
1.46259
1.49081
1.518
1.54074
1.5569
1.56569
1.56742
1.56323
1.55503
1.54512
1.53569
1.52801
1.52208
1.51692
1.51168
1.50664
1.50331
1.50356
1.50871
1.51905
1.53401
1.55259
1.57352
1.5952
1.61574
1.63311
1.64555
1.65221
1.65368
1.65208
1.65027
1.65032
1.65216
1.65378
1.6527
1.64752
1.63869
1.62867
1.62089
1.61783
1.61961
1.62409
1.62814
1.62896
1.62471
1.61464
1.59899
1.5791
1.55796
1.54058
1.53265
1.53675
1.54954
1.56395
1.57436
1.57947
1.58166
1.58452
1.59043
1.59976
1.61148
1.62409
1.63633
1.64768
1.65857
1.66963
1.68011
1.68734
1.6879
1.67959
1.66267
1.64032
1.61815
1.60242
1.59705
1.60177
1.61284
1.62571
1.63722
1.64616
1.65237
1.65579
1.65574
1.65103
1.64045
1.62359
1.60125
1.57515
1.54721
1.51888
1.49129
1.46617
1.44609
1.43354
1.42962
1.43395
1.44572
1.46444
1.48984
1.52123
1.557
1.59471
1.63137
1.66413
1.69058
1.70917
1.71933
1.72148
1.71676
1.7067
1.69286
1.67657
1.65888
1.64072
1.62306
1.60698
1.59365
1.58417
1.57946
1.58018
1.58663
1.59855
1.61489
1.63387
1.65321
1.67052
1.68372
1.69144
1.6933
1.6897
1.68164
1.67057
1.65835
1.64744
1.64084
1.64102
1.64861
1.66193
1.67824
1.69499
1.71014
1.72178
1.72796
1.727
1.71839
1.70341
1.68487
1.66562
1.64713
1.62928
1.61134
1.59312
1.57516
1.55844
1.54393
1.53235
1.52426
1.52002
1.5196
1.52227
1.52651
1.53027
1.53134
1.52795
1.51927
1.50579
1.48939
1.47329
1.46165
1.45861
1.46701
1.48719
1.51652
1.54995
1.58147
1.60576
1.6194
1.6213
1.61268
1.59675
1.57827
1.56262
1.55423
1.55506
1.56407
1.57807
1.59354
1.60781
1.61926
1.62687
1.62978
1.62733
1.61952
1.6074
1.59298
1.57827
1.5644
1.55131
1.53892
1.52862
1.52364
1.5277
1.54239
1.56568
1.59253
1.61707
1.63456
1.64228
1.63963
1.62798
1.61041
1.5912
1.57503
1.56564
1.5646
1.57073
1.58075
1.59051
1.59612
1.59474
1.58494
1.56709
1.54341
1.51749
1.49329
1.47418
1.46236
1.45877
1.4634
1.47544
1.49338
1.51485
1.53674
1.55554
1.56807
1.5722
1.56771
1.55674
1.54378
1.5342
1.53196
1.53751
1.54776
1.55836
1.56615
1.57049
1.57282
1.57548
1.58031
1.5879
1.5975
1.60755
1.6165
1.62339
1.62796
1.63044
1.63123
1.63069
1.62926
1.6276
1.62661
1.62711
1.62937
1.63294
1.63684
1.63997
1.64148
1.64108
1.63899
1.63579
1.63211
1.62849
1.62539
1.62302
1.62131
1.61979
1.61766
1.61419
1.60897
1.60222
1.59476
1.58787
1.58285
1.58038
1.58008
1.5805
1.57995
1.57784
1.57545
1.57526
1.57912
1.5868
1.5965
1.60611
1.61414
1.61982
1.62303
1.62437
1.62506
1.62673
1.63081
1.63799
1.6479
1.65928
1.67047
1.67979
1.68576
1.68724
1.6835
1.67445
1.66063
1.64333
1.62444
1.6062
1.59068
1.57956
1.57374
1.57324
1.57717
1.5839
1.5914
1.59783
1.60195
1.60341
1.60272
1.6011
1.60008
1.60098
1.60428
1.60918
1.61348
1.61411
1.60809
1.59398
1.57307
1.54981
1.53052
1.52067
1.52243
1.53456
1.55427
1.579
1.60702
1.63703
1.66776
1.69768
1.72506
1.74829
1.76615
1.77783
1.7829
1.78107
1.77206
1.75585
1.73282
1.70406
1.67154
1.63801
1.60678
1.58092
1.56235
1.55106
1.54578
1.54542
1.54997
1.56041
1.57744
1.60025
1.62576
1.64903
1.66476
1.6693
1.66256
1.64902
1.63651
1.63207
1.63836
1.65336
1.67245
1.69036
1.70247
1.70586
1.69978
1.68542
1.66539
1.6431
1.62223
1.60613
1.59704
1.5956
1.60065
1.60966
1.61962
1.62775
1.63215
1.63195
1.62685
1.61645
1.60036
1.57911
1.55523
1.53338
1.51908
1.51658
1.52721
1.54941
1.57984
1.61441
1.64904
1.6805
1.70712
1.72887
1.74679
1.76207
1.77526
1.78577
1.79207
1.79236
1.78516
1.76988
1.74701
1.71798
1.68481
1.64968
1.61485
1.58252
1.55487
1.53379
1.52038
1.51444
1.51452
1.51853
1.52468
1.53206
1.54075
1.55156
1.56513
1.58093
1.5968
1.60955
1.61612
1.61469
1.60505
1.58865
1.56826
1.54723
1.52831
1.51245
1.49899
1.48669
1.4751
1.46516
1.45926
1.46049
1.47105
1.49084
1.51732
1.54664
1.57509
1.59969
1.61815
1.62874
1.63064
1.62449
1.61252
1.59807
1.58463
1.57467
1.56886
1.56604
1.56393
1.56026
1.55355
1.54343
1.53023
1.51445
1.49652
1.47721
1.45834
1.44325
1.43609
1.43992
1.45451
1.47611
1.49958
1.52099
1.53883
1.5537
1.56721
1.5807
1.59445
1.60766
1.61897
1.6272
1.63178
1.63287
1.63115
1.62748
1.62259
1.61688
1.61023
1.6021
1.59202
1.58008
1.56737
1.55599
1.54846
1.5469
1.55225
1.56373
1.57895
1.59442
1.60616
1.61038
1.60423
1.58644
1.55816
1.52345
1.48851
1.45945
1.4397
1.42918
1.42567
1.42699
1.43209
1.4411
1.45462
1.47299
1.49572
1.52143
1.54821
1.57413
1.59757
1.61705
1.6308
1.63662
1.63255
1.61813
1.59519
1.56812
1.54298
1.52582
1.52078
1.52911
1.54937
1.57823
1.61127
1.6437
1.67095
1.68945
1.69727
1.69444
1.68265
1.6648
1.64456
1.62603
1.61315
1.6084
1.61174
1.62039
1.63029
1.63807
1.6426
1.64515
1.64814
1.65293
1.6584
1.66124
1.65777
1.64575
1.62528
1.59873
1.57033
1.54506
1.52762
1.52103
1.52582
1.54002
1.56009
1.58198
1.60188
1.61661
1.62399
1.62311
1.61458
1.60054
1.58441
1.5702
1.56158
1.56099
1.56904
1.5846
1.60534
1.62833
1.65064
1.66957
1.68291
1.68896
1.68675
1.67611
1.65779
1.6332
1.60409
1.5724
1.54028
1.51035
1.48542
1.46797
1.45911
1.4579
1.46177
1.46762
1.47321
1.47788
1.48243
1.48858
1.49778
1.50977
1.52223
1.53222
1.53873
1.54383
1.55166
1.56569
1.58634
1.61048
1.63302
1.64888
1.65435
1.64765
1.62921
1.60183
1.57066
1.54263
1.52462
1.52118
1.53295
1.5568
1.58749
1.61965
1.64915
1.67358
1.69228
1.70598
1.71602
1.72352
1.72866
1.73063
1.72803
1.71943
1.70367
1.67993
1.64786
1.60809
1.5627
1.51548
1.47151
1.43595
1.41235
1.40127
1.40032
1.40563
1.41365
1.42223
1.43088
1.44048
1.45276
1.46969
1.49273
1.52205
1.55604
1.59166
1.62541
1.65426
1.67613
1.68993
1.69532
1.69245
1.68185
1.66444
1.64191
1.61689
1.59247
1.57101
1.55321
1.53815
1.52433
1.51095
1.4985
1.4886
1.48283
1.48184
1.48497
1.49067
1.49724
1.50319
1.50729
1.50872
1.50781
1.5066
1.50878
1.518
1.53551
1.55889
1.58355
1.6055
1.62289
1.63583
1.6452
1.65192
1.6565
1.65927
1.66054
1.66077
1.66064
1.66098
1.66253
1.6655
1.66944
1.6734
1.67629
1.67726
1.67598
1.67286
1.66902
1.66598
1.66497
1.66635
1.66966
1.67403
1.6784
1.6816
1.68237
1.67942
1.6718
1.65931
1.64273
1.62377
1.60439
1.58578
1.56775
1.54934
1.53049
1.51392
1.50497
1.50828
1.52358
1.54556
1.56817
1.58814
1.60494
1.61896
1.63018
1.63803
1.64182
1.6412
1.63616
1.62671
1.61289
1.59483
1.57319
1.54976
1.52775
1.51148
1.50469
1.50833
1.51954
1.53284
1.54265
1.5452
1.53925
1.52597
1.50842
1.49049
1.47564
1.46578
1.46166
1.46389
1.47379
1.49263
1.52049
1.55556
1.59441
1.63288
1.66701
1.69396
1.71242
1.72255
1.72531
1.72146
1.71103
1.69368
1.66948
1.63968
1.6068
1.57407
1.54445
1.51999
1.5019
1.49095
1.48731
1.49011
1.49751
1.50753
1.51878
1.53064
1.54274
1.55475
1.56635
1.57746
1.58837
1.59939
1.61036
1.62016
1.62672
1.62802
1.62315
1.6135
1.60281
1.59615
1.59747
1.60722
1.62199
1.63637
1.64531
1.64586
1.63776
1.62287
1.60395
1.58339
1.56316
1.54563
1.53422
1.53273
1.5435
1.56545
1.59385
1.62229
1.645
1.65832
1.66088
1.6532
1.63693
1.61405
1.58619
1.55442
1.51972
1.48363
1.44864
1.41782
1.39387
1.37796
1.36964
1.36772
1.37149
1.3808
1.39503
1.41218
1.42963
1.44587
1.4611
1.47624
1.49173
1.50716
1.52201
1.53619
1.55007
1.56364
1.57574
1.58396
1.58558
1.57873
1.5635
1.54243
1.52046
1.50375
1.49742
1.503
1.51777
1.53635
1.55351
1.56628
1.57494
1.58198
1.59004
1.59997
1.61034
1.61833
1.62125
2.83498
2.79281
2.72709
2.64481
2.5567
2.4755
2.41205
2.37124
2.35096
2.34429
2.343
2.34014
2.33149
2.31648
2.29849
2.28349
2.27717
2.28167
2.29428
2.30878
2.31868
2.3207
2.31622
2.31064
2.31057
2.31995
2.3372
2.35613
2.36983
2.37359
2.36544
2.34604
2.31848
2.28759
2.2582
2.23349
2.21444
2.20072
2.19206
2.18905
2.19302
2.20518
2.22599
2.2544
2.28743
2.32073
2.35008
2.3729
2.38875
2.39879
2.40457
2.40751
2.40913
2.41143
2.41567
2.42029
2.42061
2.41161
2.39125
2.36165
2.32824
2.29761
2.27519
2.26366
2.26251
2.26795
2.27378
2.27333
2.26176
2.23748
2.20259
2.16223
2.12342
2.09404
2.08228
2.09398
2.1277
2.17352
2.21849
2.25303
2.27382
2.28359
2.28861
2.29561
2.30939
2.33235
2.36391
2.39976
2.43235
2.45371
2.45827
2.44431
2.41383
2.37187
2.32596
2.28519
2.25835
2.25136
2.26615
2.30144
2.35371
2.4178
2.48724
2.55487
2.614
2.65937
2.68785
2.69846
2.69229
2.67227
2.64282
2.60875
2.57368
2.53893
2.50404
2.46886
2.43544
2.40807
2.3913
2.38748
2.39527
2.40995
2.42463
2.43269
2.42984
2.41479
2.38898
2.35587
2.32025
2.28688
2.25904
2.23745
2.22116
2.20933
2.2026
2.20284
2.21227
2.23223
2.26225
2.29982
2.34066
2.38039
2.41642
2.44831
2.4763
2.49951
2.51557
2.52176
2.51683
2.50256
2.48373
2.46614
2.45327
2.44444
2.43558
2.42174
2.40031
2.37271
2.34402
2.32015
2.30503
2.29997
2.30486
2.31852
2.33803
2.3586
2.37505
2.3834
2.38238
2.37367
2.36109
2.34876
2.33903
2.33123
2.32194
2.30651
2.28122
2.24552
2.20381
2.16577
2.14354
2.14614
2.17471
2.22206
2.27603
2.32441
2.35913
2.37722
2.37878
2.3646
2.33622
2.29765
2.25524
2.2147
2.17978
2.1545
2.14361
2.14947
2.16978
2.19918
2.23191
2.26295
2.28804
2.30395
2.30938
2.30575
2.29717
2.28871
2.28375
2.28259
2.28329
2.28392
2.28426
2.28522
2.28747
2.29061
2.29388
2.29719
2.30122
2.30652
2.3129
2.31989
2.32798
2.33925
2.35564
2.3759
2.39549
2.41032
2.41945
2.42491
2.43001
2.4376
2.4488
2.46272
2.47689
2.48805
2.49299
2.48918
2.47523
2.45139
2.41962
2.38276
2.34312
2.30208
2.26153
2.22559
2.20079
2.19392
2.20858
2.24259
2.28878
2.33808
2.38282
2.41854
2.44423
2.46114
2.47096
2.47427
2.47008
2.45697
2.43531
2.40879
2.38411
2.3679
2.36346
2.36953
2.38163
2.39483
2.40645
2.41776
2.4331
2.45607
2.48586
2.5178
2.54675
2.56941
2.58421
2.59031
2.58714
2.57457
2.5533
2.52542
2.49465
2.46618
2.4456
2.43721
2.44228
2.45862
2.4823
2.51025
2.54141
2.57567
2.6124
2.64982
2.68499
2.714
2.73229
2.73592
2.72356
2.69769
2.66384
2.62773
2.59274
2.55928
2.52567
2.48884
2.44519
2.39333
2.33754
2.2867
2.24679
2.21683
2.19472
2.18334
2.18907
2.21665
2.26558
2.32936
2.39763
2.4601
2.50973
2.54429
2.56581
2.57924
2.59043
2.60372
2.61973
2.63477
2.64216
2.63455
2.60627
2.55621
2.49109
2.42672
2.38257
2.3694
2.38319
2.41235
2.44685
2.4793
2.50244
2.50958
2.49708
2.46562
2.42022
2.36917
2.32141
2.28242
2.25175
2.22588
2.20392
2.19081
2.19363
2.21343
2.2427
2.27215
2.29717
2.31756
2.33369
2.34437
2.34838
2.34711
2.34441
2.3432
2.34303
2.3415
2.33714
2.33058
2.32432
2.32329
2.33476
2.36333
2.40493
2.44857
2.48357
2.50417
2.50952
2.50192
2.4855
2.46538
2.44684
2.43366
2.42647
2.42237
2.41618
2.40346
2.38331
2.3589
2.33468
2.31237
2.29054
2.26762
2.24367
2.2198
2.19743
2.17803
2.16214
2.14913
2.13849
2.13107
2.12872
2.1329
2.14399
2.16143
2.18435
2.21237
2.24547
2.28197
2.31708
2.34446
2.35925
2.35983
2.34811
2.32907
2.30947
2.29603
2.29311
2.30112
2.31725
2.33823
2.36178
2.38552
2.40601
2.41985
2.42567
2.42404
2.41597
2.40243
2.38485
2.36526
2.34535
2.32571
2.30626
2.28696
2.26865
2.2538
2.24634
2.24973
2.26459
2.28815
2.31605
2.34442
2.37084
2.39451
2.41614
2.43713
2.45795
2.47726
2.49298
2.50448
2.513
2.52024
2.52624
2.52857
2.52381
2.51018
2.49005
2.47016
2.45866
2.46001
2.47182
2.48614
2.49423
2.49175
2.48156
2.47295
2.47626
2.49491
2.52287
2.55018
2.56885
2.57457
2.5667
2.54853
2.52654
2.50799
2.49711
2.4925
2.48753
2.47434
2.44928
2.41692
2.38812
2.37079
2.36192
2.35177
2.33435
2.31126
2.28787
2.26875
2.256
2.24955
2.24819
2.25128
2.25934
2.27214
2.28679
2.29944
2.30942
2.3205
2.33814
2.36539
2.40097
2.44028
2.4781
2.51043
2.53463
2.54911
2.5533
2.54783
2.53434
2.51488
2.49128
2.46497
2.43767
2.41249
2.39345
2.38186
2.37252
2.35581
2.32476
2.28176
2.24115
2.22315
2.23854
2.27916
2.32608
2.36265
2.38035
2.37853
2.36233
2.33945
2.31637
2.29622
2.28034
2.27171
2.27538
2.29432
2.32553
2.35986
2.38502
2.38915
2.36837
2.34081
2.34586
2.39743
2.46188
2.5052
2.51946
2.5149
2.50836
2.51013
2.51686
2.52005
2.51552
2.50338
2.48424
2.458
2.42454
2.3847
2.34082
2.29698
2.25872
2.23184
2.22119
2.23
2.25905
2.30534
2.36257
2.42289
2.47768
2.51926
2.54404
2.554
2.55501
2.55377
2.5552
2.56162
2.57293
2.58731
2.60171
2.61239
2.61595
2.61084
2.59796
2.57967
2.55737
2.53087
2.50008
2.46715
2.43709
2.41571
2.40573
2.40422
2.40519
2.4044
2.40115
2.39664
2.39199
2.3877
2.38448
2.38339
2.3846
2.38588
2.38329
2.37373
2.35693
2.33583
2.31554
2.30132
2.29602
2.2984
2.30386
2.30739
2.30681
2.30362
2.30161
2.30444
2.31369
2.32807
2.34407
2.35833
2.37
2.38091
2.39288
2.40422
2.40944
2.40356
2.38848
2.37539
2.37775
2.399
2.43039
2.46035
2.48128
2.48958
2.48405
2.46587
2.43867
2.40742
2.37585
2.34434
2.31102
2.27615
2.24547
2.22767
2.22796
2.2451
2.27326
2.30445
2.32999
2.34285
2.34054
2.32639
2.30788
2.29291
2.28578
2.28576
2.28924
2.29392
2.3019
2.31856
2.34763
2.38809
2.43689
2.49181
2.54905
2.60131
2.64063
2.66203
2.66437
2.64918
2.61893
2.576
2.52366
2.46778
2.41621
2.37499
2.34495
2.32159
2.29791
2.26895
2.23709
2.21419
2.21362
2.23697
2.27178
2.30207
2.31716
2.31359
2.29412
2.26656
2.24182
2.22972
2.23469
2.25499
2.28558
2.32137
2.35803
2.39129
2.41649
2.42866
2.42361
2.39972
2.35961
2.3112
2.26692
2.24032
2.24045
2.2667
2.30865
2.3518
2.38485
2.40359
2.41066
2.41252
2.41538
2.42256
2.43441
2.4495
2.46549
2.4801
2.49263
2.50417
2.51665
2.53154
2.54891
2.5673
2.58363
2.59372
2.59374
2.58207
2.55992
2.53044
2.49723
2.46349
2.4319
2.4051
2.38606
2.37692
2.37708
2.38264
2.38877
2.39263
2.39399
2.39362
2.39177
2.38804
2.38243
2.37646
2.37251
2.37217
2.37483
2.37786
2.37758
2.37006
2.35198
2.3224
2.28632
2.2567
2.24741
2.25915
2.27844
2.29174
2.29369
2.2855
2.27188
2.26012
2.25896
2.27501
2.30853
2.35266
2.39735
2.43442
2.46
2.47376
2.47676
2.46955
2.45149
2.42154
2.37971
2.32911
2.27651
2.23055
2.19804
2.18142
2.1798
2.19219
2.21834
2.25643
2.3015
2.34661
2.38504
2.41171
2.42344
2.4193
2.4012
2.37463
2.3489
2.33474
2.33863
2.35766
2.38119
2.39852
2.40558
2.40562
2.40463
2.40569
2.40698
2.4046
2.3961
2.38209
2.36572
2.3499
2.33423
2.3153
2.29032
2.26071
2.23276
2.21491
2.21314
2.22781
2.25413
2.28509
2.31436
2.33786
2.35396
2.363
2.36662
2.36706
2.36664
2.3674
2.3713
2.37997
2.3937
2.41069
2.42787
2.44254
2.45341
2.45997
2.4618
2.45935
2.45526
2.45396
2.45893
2.47032
2.48471
2.4968
2.5012
2.49339
2.47094
2.43566
2.39466
2.35744
2.33016
2.31352
2.30575
2.30647
2.31736
2.33945
2.3698
2.40172
2.42832
2.44646
2.45846
2.4703
2.48778
2.51293
2.54332
2.57449
2.60214
2.62266
2.63306
2.63133
2.61673
2.58968
2.55276
2.51179
2.4754
2.45246
2.44798
2.4594
2.47715
2.49054
2.4928
2.48159
2.4572
2.42152
2.37838
2.33385
2.29362
2.26062
2.23759
2.22886
2.2349
2.24854
2.26048
2.26684
2.27055
2.27745
2.29241
2.31754
2.35106
2.38653
2.41446
2.42669
2.41979
2.39501
2.35569
2.30467
2.24423
2.17972
2.12274
2.08895
2.08954
2.12449
2.18393
2.25364
2.31941
2.37
2.39915
2.40618
2.39479
2.37076
2.33971
2.30545
2.26969
2.23265
2.19442
2.1556
2.11711
2.07974
2.04463
2.01436
1.99395
1.98989
2.00657
2.04312
2.09448
2.15492
2.22
2.28611
2.34951
2.40593
2.45067
2.4795
2.49084
2.48766
2.47708
2.46672
2.45997
2.45505
2.44781
2.43569
2.42045
2.40773
2.4036
2.41083
2.42826
2.45255
2.47941
2.50379
2.52036
2.52488
2.51546
2.49277
2.45964
2.42044
2.38008
2.34287
2.31151
2.28654
2.26682
2.25104
2.23925
2.23358
2.23736
2.25213
2.27466
2.29718
2.31172
2.31429
2.30579
2.29007
2.27231
2.25803
2.25169
2.25512
2.26701
2.28392
2.30206
2.31896
2.33397
2.34757
2.36053
2.37365
2.38851
2.40706
2.42982
2.45488
2.87028
2.88326
2.88796
2.8856
2.8768
2.86139
2.8396
2.81344
2.7868
2.76405
2.74829
2.74035
2.7391
2.74227
2.74697
2.74994
2.74807
2.73886
2.72089
2.69459
2.66292
2.63067
2.60245
2.58127
2.56884
2.56568
2.57038
2.58002
2.59245
2.60659
2.61935
2.62414
2.61409
2.58721
2.54926
2.51344
2.49561
2.50701
2.54858
2.61054
2.67728
2.73392
2.77081
2.78451
2.7761
2.74855
2.70528
2.65081
2.59234
2.53954
2.501
2.48039
2.47681
2.48777
2.51054
2.54123
2.57508
2.60773
2.63602
2.65797
2.67359
2.68578
2.69884
2.71547
2.73476
2.75248
2.76264
2.7589
2.73655
2.69599
2.64775
2.61261
2.60828
2.63078
2.6576
2.66787
2.65246
2.61106
2.54825
2.47249
2.39589
2.33226
2.29371
2.28732
2.31367
2.3659
2.43006
2.4899
2.53408
2.55987
2.57139
2.57466
2.57307
2.56581
2.54965
2.52176
2.48212
2.43479
2.38828
2.35426
2.34417
2.3644
2.41291
2.47971
2.55051
2.611
2.65014
2.6622
2.64813
2.61515
2.57374
2.53257
2.49613
2.46732
2.44987
2.44622
2.45463
2.47064
2.49043
2.51156
2.53214
2.55096
2.56811
2.58379
2.59669
2.60333
2.59897
2.58004
2.54764
2.50913
2.47615
2.45922
2.46258
2.48297
2.51283
2.54374
2.56773
2.5778
2.56979
2.54556
2.51514
2.49405
2.49445
2.51715
2.5534
2.59286
2.62849
2.65631
2.67399
2.68033
2.67478
2.657
2.62798
2.59218
2.55862
2.53788
2.53643
2.5532
2.58084
2.6095
2.6305
2.63919
2.63709
2.63224
2.63546
2.6538
2.6855
2.72139
2.75055
2.76556
2.76433
2.74909
2.72443
2.69536
2.66619
2.6399
2.61816
2.60178
2.59255
2.59515
2.61456
2.64866
2.68568
2.71275
2.72444
2.72278
2.71185
2.69447
2.67337
2.65359
2.64142
2.64017
2.64829
2.66149
2.67542
2.68637
2.69071
2.68491
2.66591
2.63194
2.58526
2.53828
2.51426
2.52597
2.5573
2.58524
2.60551
2.62878
2.66203
2.69935
2.72904
2.74342
2.74094
2.72368
2.69576
2.66335
2.6337
2.61181
2.59801
2.59036
2.58925
2.59823
2.62011
2.65261
2.68842
2.71922
2.73982
2.74945
2.75047
2.74694
2.74331
2.74236
2.74358
2.74376
2.73998
2.7318
2.72111
2.71015
2.69937
2.68648
2.66721
2.63773
2.59814
2.55482
2.51925
2.50293
2.51089
2.53923
2.57807
2.61664
2.64706
2.66529
2.67037
2.66337
2.64694
2.62597
2.60813
2.60163
2.60977
2.62794
2.64783
2.66414
2.67689
2.68856
2.69972
2.70703
2.70497
2.68922
2.65865
2.61527
2.56316
2.50802
2.45681
2.41596
2.38868
2.37349
2.36576
2.36164
2.36103
2.36637
2.37905
2.39731
2.41719
2.43564
2.45356
2.4753
2.50372
2.53667
2.56953
2.59967
2.62729
2.65365
2.67873
2.69947
2.70957
2.70122
2.66954
2.61922
2.57159
2.55771
2.58874
2.64419
2.69791
2.73762
2.76438
2.78792
2.81974
2.86018
2.89493
2.90896
2.8984
2.86976
2.83396
2.80119
2.77801
2.76657
2.76542
2.77064
2.77658
2.77693
2.76703
2.74765
2.72784
2.7203
2.72877
2.74415
2.75537
2.75716
2.74839
2.72874
2.69787
2.65636
2.60653
2.55219
2.49775
2.44767
2.40625
2.37735
2.36529
2.37598
2.41518
2.48317
2.57016
2.65848
2.73071
2.77639
2.79313
2.78458
2.75818
2.72319
2.68824
2.65848
2.63379
2.60981
2.58225
2.55155
2.52325
2.5023
2.48829
2.47771
2.46879
2.46249
2.46196
2.47332
2.50392
2.55452
2.61398
2.66537
2.6957
2.70009
2.6813
2.64749
2.6086
2.5714
2.53679
2.50169
2.46351
2.42248
2.38113
2.34258
2.31001
2.28699
2.27684
2.28055
2.29479
2.31285
2.32876
2.34284
2.36316
2.39852
2.44871
2.50551
2.56174
2.61458
2.6621
2.70057
2.72542
2.73482
2.7325
2.72761
2.73107
2.74924
2.7798
2.81326
2.83815
2.84549
2.8309
2.79633
2.7512
2.71023
2.6862
2.68217
2.69154
2.70443
2.71313
2.71385
2.70664
2.69376
2.67539
2.64796
2.60846
2.55918
2.50816
2.46718
2.4483
2.45727
2.48896
2.5327
2.58022
2.62665
2.66771
2.69892
2.71755
2.72353
2.71745
2.69852
2.66617
2.62397
2.58141
2.55064
2.53925
2.54492
2.55781
2.56842
2.57332
2.57486
2.57816
2.58859
2.60953
2.63904
2.66818
2.68488
2.68075
2.65522
2.61458
2.56752
2.52075
2.4768
2.43502
2.39763
2.37585
2.38514
2.42993
2.49782
2.57028
2.63317
2.6788
2.70365
2.70668
2.68921
2.65535
2.61158
2.56507
2.52165
2.48528
2.45879
2.44474
2.44486
2.4587
2.48294
2.51186
2.53886
2.55808
2.56591
2.5617
2.54761
2.52761
2.50625
2.48758
2.47511
2.47238
2.48262
2.50675
2.54125
2.57824
2.60906
2.62841
2.63629
2.63726
2.63792
2.64364
2.65632
2.67411
2.69292
2.70873
2.71959
2.72644
2.7326
2.74243
2.75931
2.78308
2.80912
2.83014
2.83925
2.83171
2.80528
2.76157
2.70955
2.66567
2.64193
2.6334
2.62489
2.60674
2.58174
2.56181
2.5592
2.57894
2.61758
2.66582
2.71189
2.74562
2.76179
2.76083
2.74696
2.7256
2.70126
2.67689
2.65413
2.63377
2.61591
2.59987
2.58387
2.56575
2.54515
2.52546
2.51289
2.51243
2.52418
2.5436
2.56441
2.58102
2.58999
2.59131
2.58822
2.58519
2.58563
2.59112
2.60116
2.61347
2.62445
2.6313
2.63429
2.63637
2.64005
2.64511
2.64931
2.64954
2.64292
2.62904
2.61273
2.60344
2.60913
2.6304
2.6612
2.69403
2.72331
2.74615
2.76162
2.76914
2.76863
2.76195
2.75286
2.74443
2.73706
2.72897
2.7179
2.70256
2.68342
2.66302
2.64494
2.63159
2.62241
2.61397
2.60182
2.58285
2.55685
2.52681
2.49906
2.48148
2.48036
2.49755
2.52949
2.56776
2.60158
2.62127
2.62021
2.59648
2.55531
2.5091
2.47226
2.45414
2.45728
2.48011
2.51722
2.55724
2.58571
2.59196
2.57324
2.53632
2.4993
2.48534
2.50325
2.54001
2.5782
2.60961
2.63338
2.6506
2.66211
2.6688
2.67183
2.67242
2.67127
2.66819
2.66236
2.65343
2.64305
2.63547
2.63513
2.64324
2.65815
2.67822
2.70268
2.72997
2.75621
2.77538
2.78077
2.7676
2.73526
2.6891
2.64061
2.60379
2.58773
2.59156
2.60821
2.63287
2.66597
2.70881
2.75802
2.80493
2.83904
2.85202
2.83997
2.80462
2.75361
2.69963
2.65644
2.6319
2.62361
2.62233
2.61875
2.60719
2.5854
2.55399
2.51613
2.47705
2.44248
2.4176
2.4069
2.41381
2.43899
2.47881
2.52589
2.57115
2.60593
2.62422
2.62564
2.61652
2.60809
2.6117
2.6333
2.67064
2.71497
2.75608
2.78618
2.80088
2.79835
2.77826
2.7414
2.68966
2.62641
2.5566
2.4865
2.42357
2.37595
2.35105
2.3531
2.38084
2.42678
2.47917
2.52579
2.5581
2.57412
2.57941
2.58366
2.59264
2.60325
2.60823
2.60515
2.5981
2.5914
2.58365
2.56949
2.54533
2.51204
2.47332
2.43301
2.3942
2.36031
2.33613
2.32722
2.33757
2.36781
2.41528
2.47463
2.53786
2.5947
2.63484
2.65129
2.64456
2.6259
2.61332
2.61782
2.63588
2.65854
2.67898
2.69166
2.69214
2.67888
2.65342
2.61912
2.57961
2.53832
2.4992
2.46703
2.44621
2.43945
2.44717
2.46754
2.49763
2.53509
2.57892
2.62846
2.68178
2.73473
2.78141
2.81515
2.82983
2.82144
2.79012
2.74188
2.688
2.63929
2.59896
2.56303
2.52745
2.49493
2.4755
2.47857
2.50355
2.54023
2.57622
2.60198
2.61215
2.60615
2.58888
2.57025
2.56135
2.5672
2.58332
2.601
2.6139
2.61893
2.61468
2.60194
2.58742
2.58593
2.61109
2.65938
2.71294
2.75664
2.78348
2.79078
2.77854
2.75058
2.71491
2.68162
2.65911
2.65119
2.65681
2.67188
2.69145
2.71126
2.72805
2.73887
2.74053
2.73033
2.70798
2.67674
2.64246
2.61134
2.58836
2.57626
2.57362
2.57445
2.57118
2.55941
2.54073
2.52182
2.51057
2.51154
2.52399
2.54398
2.56796
2.59365
2.61717
2.63083
2.62609
2.59865
2.55076
2.48946
2.42322
2.36064
2.31052
2.28047
2.27336
2.28487
2.30541
2.32556
2.34092
2.35289
2.36609
2.38392
2.40528
2.42659
2.44777
2.47388
2.50881
2.54891
2.58546
2.61089
2.62189
2.61884
2.60433
2.58192
2.55624
2.53356
2.52067
2.52059
2.52877
2.53557
2.53357
2.52226
2.5072
2.49596
2.49441
2.50534
2.52889
2.56413
2.61053
2.66707
2.72948
2.78971
2.83938
2.87377
2.89299
2.90033
2.89987
2.89501
2.8876
2.87767
2.86329
2.84129
2.80883
2.76533
2.71354
2.65972
2.61323
2.5847
2.57993
2.59242
2.6071
2.61473
2.61924
2.63175
2.65911
2.69715
2.73378
2.75703
2.76005
2.74091
2.70066
2.64295
2.57538
2.51009
2.46052
2.43508
2.43269
2.44418
2.45907
2.47156
2.48055
2.48619
2.48789
2.4853
2.48006
2.47603
2.47836
2.48977
2.50649
2.52183
2.53344
2.5435
2.55399
2.56445
2.57301
2.578
2.57861
2.57478
2.56676
2.55512
2.54144
2.52881
2.52125
2.52242
2.53496
2.55947
2.59239
2.62491
2.64595
2.64734
2.62718
2.58957
2.54271
2.49655
2.46008
2.43862
2.43354
2.44462
2.47156
2.51108
2.55448
2.59041
2.60995
2.60881
2.58721
2.54905
2.50098
2.45081
2.40554
2.36925
2.34264
2.3246
2.31448
2.313
2.32194
2.343
2.37656
2.42056
2.46986
2.51674
2.55266
2.57113
2.57043
2.55577
2.53877
2.53309
2.54703
2.57877
2.61936
2.65989
2.69469
2.71906
2.7269
2.71154
2.66994
2.60823
2.54353
2.495
2.47037
2.466
2.8566
2.87212
2.89767
2.9303
2.96223
2.98506
2.99519
2.99606
2.99421
2.99177
2.98305
2.95904
2.91524
2.85677
2.79801
2.75563
2.73825
2.74276
2.76009
2.7821
2.8048
2.82921
2.85999
2.89964
2.94315
2.97998
3.0008
3.00073
2.97968
2.94187
2.89424
2.84338
2.79395
2.75119
2.72554
2.7303
2.76751
2.82042
2.86827
2.90208
2.92414
2.93957
2.95026
2.95379
2.94581
2.92343
2.88804
2.84745
2.81439
2.80096
2.81153
2.84135
2.8811
2.92126
2.95374
2.97262
2.97429
2.95741
2.92368
2.8791
2.83341
2.79622
2.77314
2.76562
2.77343
2.79559
2.82896
2.86749
2.90464
2.93576
2.95762
2.96638
2.95873
2.93572
2.90355
2.87046
2.84197
2.81919
2.80127
2.78837
2.78199
2.78343
2.7924
2.80704
2.82523
2.8452
2.86475
2.88087
2.89132
2.89612
2.89639
2.89068
2.87347
2.83875
2.78725
2.73233
2.69864
2.70879
2.76582
2.85153
2.94265
3.02354
3.08705
3.13014
3.15089
3.14958
3.13151
3.10746
3.08844
3.07786
3.07079
3.0617
3.04865
3.03092
3.00834
2.98331
2.96111
2.94734
2.94471
2.95088
2.95814
2.95584
2.93656
2.90266
2.86827
2.85268
2.86749
2.90817
2.95881
3.0037
3.03386
3.04548
3.03682
3.00872
2.96623
2.91631
2.86308
2.80763
2.75258
2.70409
2.67145
2.66427
2.68327
2.71651
2.75053
2.78069
2.80957
2.83992
2.87097
2.89908
2.9204
2.93324
2.93931
2.94366
2.9526
2.96968
2.993
3.01797
3.04212
3.06586
3.08933
3.11054
3.12673
3.13616
3.13713
3.12625
3.09972
3.05678
3.00211
2.94486
2.89322
2.84901
2.80951
2.77444
2.7483
2.73559
2.73609
2.74538
2.75863
2.77238
2.78395
2.79055
2.78972
2.78066
2.76477
2.74467
2.72384
2.70928
2.71318
2.74572
2.80413
2.87429
2.94204
2.99889
3.04088
3.06662
3.07684
3.07385
3.05999
3.0362
3.00241
2.95973
2.91358
2.87447
2.85411
2.85904
2.88741
2.93123
2.97975
3.02126
3.0449
3.04447
3.02307
2.99546
2.98265
2.99568
3.02421
3.04708
3.05064
3.03481
3.00785
2.97894
2.95345
2.93218
2.91337
2.89499
2.87605
2.85724
2.84173
2.83622
2.84987
2.8871
2.93972
2.9915
3.02957
3.04836
3.04685
3.02579
2.98957
2.95016
2.92501
2.92758
2.95612
2.9912
3.00936
2.99861
2.96255
2.91326
2.85914
2.80116
2.74257
2.69681
2.68111
2.70555
2.76921
2.86057
2.95814
3.03725
3.08125
3.08566
3.05426
2.99513
2.92104
2.84854
2.78849
2.74187
2.71435
2.72273
2.77149
2.83965
2.89931
2.93446
2.94329
2.93292
2.91399
2.8964
2.88553
2.88156
2.88281
2.88848
2.89797
2.90912
2.91832
2.9221
2.91914
2.91172
2.90404
2.89788
2.89022
2.87586
2.85085
2.81359
2.76417
2.70409
2.6366
2.56812
2.50998
2.47584
2.4736
2.50118
2.55067
2.61261
2.67677
2.73395
2.77917
2.81148
2.83045
2.83467
2.82465
2.80713
2.79454
2.79737
2.81674
2.84532
2.87377
2.89576
2.90874
2.91224
2.90567
2.8883
2.86389
2.846
2.85286
2.88987
2.94205
2.98846
3.01759
3.03002
3.03306
3.03356
3.03292
3.0281
3.01638
2.99753
2.97208
2.93938
2.89783
2.8473
2.79296
2.74789
2.72669
2.73276
2.75658
2.78578
2.81054
2.82433
2.82444
2.81206
2.79116
2.76694
2.74416
2.72683
2.71928
2.72654
2.75374
2.80606
2.8846
2.97717
3.06217
3.12482
3.16307
3.18147
3.18385
3.17071
3.1406
3.09304
3.03086
2.96071
2.89112
2.83017
2.78645
2.77043
2.78605
2.82013
2.85084
2.86506
2.86232
2.84841
2.82904
2.80684
2.78239
2.75828
2.74099
2.73584
2.7412
2.75203
2.76874
2.79901
2.84971
2.91821
2.99237
3.05862
3.10907
3.14362
3.16655
3.17882
3.17268
3.13612
3.06304
2.9611
2.8564
2.7941
2.8095
2.88297
2.96417
3.02423
3.05861
3.06954
3.05795
3.02404
2.97139
2.90984
2.852
2.80496
2.76834
2.74149
2.72774
2.73111
2.7537
2.79181
2.83374
2.86665
2.8829
2.87878
2.85294
2.80879
2.75667
2.71172
2.68746
2.68943
2.71406
2.7537
2.80237
2.85631
2.9101
2.95493
2.98251
2.99109
2.98745
2.98208
2.98158
2.98663
2.9984
3.02209
3.05627
3.08598
3.09604
3.08298
3.05262
3.01305
2.97147
2.93356
2.90299
2.8812
2.86842
2.86394
2.86723
2.88022
2.90504
2.93867
2.97209
2.99552
3.00416
2.99889
2.98354
2.96228
2.93891
2.91635
2.89468
2.87113
2.84414
2.81724
2.79817
2.79338
2.80274
2.81888
2.83285
2.84186
2.85189
2.87183
2.9049
2.94541
2.98303
3.01007
3.02597
3.03624
3.04724
3.06134
3.07666
3.09034
3.10059
3.10589
3.10311
3.08746
3.0551
3.00664
2.94937
2.89614
2.85988
2.84674
2.85382
2.87281
2.89479
2.91204
2.91836
2.90922
2.88314
2.84548
2.81036
2.79499
2.80864
2.84685
2.89654
2.94421
2.98065
3.00303
3.01475
3.02111
3.02306
3.0161
2.9948
2.95769
2.90925
2.8593
2.82019
2.8019
2.8056
2.82248
2.84112
2.85526
2.86523
2.87504
2.88911
2.91012
2.93832
2.97169
3.00631
3.03714
3.05974
3.07131
3.07037
3.05541
3.02409
2.97428
2.90816
2.83752
2.78222
2.75667
2.75958
2.7812
2.81429
2.85462
2.89641
2.93162
2.95396
2.96261
2.96166
2.95615
2.94862
2.93932
2.92822
2.91448
2.89472
2.86523
2.82775
2.79311
2.77777
2.79295
2.83516
2.8888
2.93746
2.97107
2.98652
2.98562
2.97227
2.949
2.91462
2.86691
2.81153
2.7678
2.75433
2.76549
2.77577
2.76453
2.72782
2.67375
2.61494
2.56391
2.53043
2.51984
2.53338
2.56914
2.62246
2.68676
2.75602
2.82608
2.89364
2.95455
3.00359
3.0361
3.05013
3.04799
3.03686
3.02667
3.02424
3.02833
3.03204
3.03018
3.02226
3.00944
2.99165
2.96855
2.9425
2.91902
2.90384
2.89936
2.90315
2.9096
2.91284
2.90879
2.8961
2.87689
2.85707
2.84471
2.8463
2.86322
2.89068
2.9196
2.94084
2.94898
2.94361
2.92867
2.91134
2.89957
2.898
2.90729
2.92747
2.95801
2.99382
3.02618
3.04881
3.06055
3.06371
3.06259
3.06296
3.07038
3.08749
3.1119
3.13672
3.15311
3.15339
3.13342
3.09394
3.04047
2.98207
2.92857
2.8875
2.86178
2.85154
2.8585
2.8865
2.93466
2.99044
3.03511
3.05627
3.05282
3.03103
3.00049
2.97324
2.96156
2.97197
3.00122
3.0388
3.07331
3.09706
3.10656
3.10068
3.07916
3.04327
2.99761
2.95128
2.91647
2.90355
2.91576
2.94776
2.98892
3.02769
3.05385
3.05934
3.03878
2.99038
2.91694
2.8283
2.74461
2.69216
2.68701
2.72275
2.77798
2.83159
2.87144
2.89597
2.91061
2.92146
2.93042
2.93513
2.93252
2.92209
2.90593
2.88702
2.86859
2.8545
2.84984
2.85937
2.88454
2.92156
2.9625
2.99855
3.02329
3.03431
3.03281
3.02227
3.00741
2.99277
2.98134
2.97436
2.97273
2.97794
2.99127
3.01264
3.04025
3.07101
3.10069
3.12353
3.13308
3.12456
3.09812
3.06053
3.02311
2.99602
2.98284
2.97959
2.97778
2.96887
2.94799
2.9168
2.88418
2.86354
2.86605
2.89304
2.93397
2.97302
2.99818
3.00492
2.99548
2.97625
2.95493
2.93851
2.93288
2.94197
2.96416
2.98982
3.00563
3.00063
2.96887
2.90953
2.82728
2.73379
2.64809
2.59181
2.57886
2.60757
2.66271
2.72444
2.77608
2.80743
2.81592
2.80684
2.79188
2.78474
2.79563
2.82742
2.87407
2.9224
2.95782
2.9702
2.95605
2.91941
2.87503
2.84796
2.85489
2.88333
2.90404
2.89803
2.86436
2.81315
2.75726
2.70815
2.67375
2.65665
2.65403
2.66073
2.67394
2.6948
2.72659
2.7716
2.82903
2.89451
2.96082
3.01928
3.06198
3.08402
3.08488
3.06769
3.03687
2.9961
2.94921
2.90224
2.86353
2.84024
2.83413
2.83942
2.84562
2.84591
2.84605
2.85964
2.88834
2.91824
2.93757
2.94408
2.93873
2.92034
2.88662
2.83893
2.78655
2.74534
2.72947
2.74161
2.7725
2.80939
2.84242
2.86475
2.87143
2.8606
2.83542
2.80423
2.77757
2.76428
2.76935
2.79433
2.83729
2.8913
2.94464
2.98516
3.00544
3.00363
2.98225
2.94777
2.91041
2.88131
2.86792
2.87061
2.88193
2.88921
2.88036
2.84968
2.8002
2.74203
2.68888
2.65302
2.64066
2.65138
2.6812
2.7255
2.77804
2.82916
2.86877
2.89159
2.89925
2.89798
2.89385
2.88824
2.87702
2.85526
2.82403
2.79218
2.76955
2.75781
2.7496
2.73686
2.72005
2.70922
2.71378
2.73215
2.75594
2.78037
2.80666
2.83675
2.86816
2.89434
2.90933
2.91137
2.90263
2.88789
2.87337
2.8652
2.86711
2.8788
2.89659
2.9161
2.93463
2.95207
2.96971
2.9881
3.00565
3.01908
3.02444
3.01743
2.99438
2.95507
2.90411
2.849
2.79684
2.75229
2.71793
2.69534
2.68419
2.68053
2.67761
2.6698
2.65644
2.64222
2.63458
2.63951
2.65834
2.68738
2.72013
2.74999
2.77226
2.78527
2.79086
2.79448
2.80182
2.81167
2.81451
2.80227
2.77731
2.7512
2.73692
2.7415
2.76302
2.79246
2.81964
2.83938
2.85376
2.86873
2.88814
2.91063
2.9303
2.93944
2.9314
2.9031
2.85623
2.79854
2.74462
2.71199
2.70917
2.72873
2.7557
2.77917
2.79546
2.80433
2.80596
2.80326
2.80399
2.81556
2.83715
2.86127
2.88185
2.89713
2.90626
2.90753
2.90125
2.89126
2.88244
2.87663
2.87125
2.86168
2.84556
2.82599
2.81123
2.81058
2.8289
2.86397
2.9083
2.95288
2.98999
3.01427
3.02291
3.01608
2.99718
2.82546
2.80548
2.79747
2.80267
2.81679
2.83325
2.8462
2.85171
2.84874
2.83901
2.82632
2.81661
2.8167
2.83007
2.8542
2.88169
2.90392
2.91494
2.91441
2.90713
2.89916
2.89387
2.89123
2.89009
2.89024
2.89298
2.90042
2.91369
2.93159
2.95103
2.96842
2.98067
2.98539
2.98089
2.96637
2.94251
2.91177
2.87897
2.85153
2.83739
2.83995
2.85437
2.87037
2.8793
2.87891
2.87228
2.86364
2.85441
2.84253
2.82473
2.79909
2.76584
2.72549
2.6768
2.61865
2.556
2.50196
2.46911
2.45782
2.45787
2.46016
2.46343
2.47214
2.49039
2.51739
2.54766
2.57646
2.60485
2.63994
2.68894
2.75064
2.81313
2.86155
2.88697
2.88793
2.86811
2.83451
2.79615
2.76257
2.74073
2.73065
2.72509
2.71689
2.70539
2.6956
2.69385
2.70432
2.7278
2.76244
2.80439
2.84682
2.87906
2.88963
2.87351
2.83815
2.79987
2.77166
2.75762
2.75787
2.77205
2.79882
2.83609
2.88153
2.93038
2.97237
2.99309
2.98142
2.93787
2.87705
2.81989
2.78067
2.76154
2.75764
2.76476
2.7823
2.8108
2.84835
2.88942
2.92661
2.95351
2.96717
2.96845
2.95988
2.94386
2.92312
2.90118
2.88071
2.86097
2.8379
2.80779
2.77105
2.73268
2.69964
2.67701
2.66579
2.66368
2.66844
2.6813
2.70541
2.73906
2.77391
2.80173
2.82021
2.83305
2.84655
2.86489
2.8869
2.90736
2.92219
2.92929
2.92597
2.91042
2.88602
2.86068
2.84057
2.82628
2.81433
2.79969
2.77787
2.74697
2.70886
2.66881
2.63424
2.61578
2.62664
2.67177
2.73715
2.80053
2.84836
2.87806
2.89185
2.89161
2.8771
2.84704
2.80134
2.74477
2.69077
2.65729
2.65031
2.65807
2.66792
2.67737
2.68924
2.70554
2.72572
2.74633
2.76186
2.76782
2.76401
2.75419
2.74279
2.73238
2.72316
2.71317
2.69907
2.67909
2.65713
2.64338
2.64774
2.67077
2.70334
2.73512
2.76014
2.77519
2.77604
2.75795
2.72197
2.67903
2.64387
2.62331
2.61431
2.6105
2.60754
2.60474
2.60425
2.60912
2.62184
2.64398
2.67518
2.71177
2.74752
2.77657
2.79597
2.80612
2.80937
2.80749
2.80031
2.78631
2.76505
2.73933
2.71534
2.69959
2.69521
2.7003
2.70997
2.7205
2.73108
2.74112
2.74725
2.74441
2.72855
2.69788
2.65446
2.6064
2.5678
2.55256
2.56495
2.59588
2.63024
2.65791
2.67606
2.68231
2.66994
2.63446
2.58357
2.53683
2.51381
2.5226
2.55715
2.60208
2.64051
2.66117
2.66227
2.65097
2.63807
2.6309
2.63008
2.63223
2.63326
2.63075
2.62681
2.62702
2.63655
2.65948
2.69776
2.74733
2.79726
2.83465
2.84984
2.83948
2.80811
2.76861
2.73786
2.72673
2.73276
2.74449
2.75221
2.75405
2.75485
2.76085
2.77475
2.7945
2.81495
2.83015
2.83515
2.82782
2.80986
2.78533
2.75773
2.72876
2.70001
2.67568
2.66245
2.66541
2.68371
2.71103
2.7395
2.76252
2.7756
2.77666
2.76657
2.74907
2.72962
2.71382
2.7064
2.71029
2.72635
2.75344
2.78739
2.81998
2.84275
2.85284
2.85308
2.84688
2.83703
2.828
2.82298
2.8189
2.80904
2.79075
2.76875
2.75244
2.75076
2.76853
2.80576
2.85799
2.9172
2.97348
3.01748
3.04312
3.04878
3.03652
3.01005
2.97288
2.92801
2.87891
2.83033
2.78632
2.74696
2.70782
2.66298
2.60926
2.54965
2.49445
2.45783
2.45007
2.47264
2.51826
2.57359
2.62576
2.66928
2.70782
2.7494
2.79388
2.82557
2.82576
2.79072
2.73692
2.69148
2.6734
2.68317
2.71113
2.74831
2.78699
2.81871
2.83685
2.83855
2.82427
2.7972
2.76339
2.73119
2.70983
2.70679
2.72414
2.75776
2.80152
2.85062
2.90116
2.94798
2.9844
3.00435
3.0044
2.98438
2.94755
2.90121
2.85634
2.82411
2.81045
2.81455
2.83163
2.85572
2.88078
2.90283
2.92158
2.93903
2.95547
2.96751
2.96981
2.95714
2.92536
2.8725
2.80106
2.72174
2.65481
2.62125
2.62625
2.65558
2.69064
2.72105
2.74476
2.76388
2.78197
2.80043
2.81503
2.81732
2.80046
2.76434
2.71757
2.67541
2.65291
2.65617
2.67788
2.70185
2.71307
2.70573
2.68468
2.66058
2.64292
2.63586
2.6385
2.64708
2.65695
2.66456
2.66902
2.67095
2.66903
2.65942
2.64234
2.63034
2.64585
2.70243
2.79295
2.89948
3.00476
3.09502
3.16144
3.20091
3.21493
3.20738
3.18296
3.14645
3.10227
3.05428
3.00612
2.96165
2.92494
2.89986
2.88946
2.89478
2.91298
2.93695
2.95823
2.97007
2.96849
2.95236
2.92348
2.88638
2.84691
2.80982
2.77806
2.75391
2.73896
2.73221
2.72958
2.7268
2.72292
2.72129
2.72714
2.74316
2.76718
2.7942
2.82069
2.84653
2.87382
2.90421
2.93692
2.96803
2.99099
2.99849
2.98493
2.94898
2.89528
2.83365
2.77644
2.73473
2.71574
2.72073
2.74467
2.77894
2.81488
2.84516
2.86431
2.86991
2.86354
2.85024
2.83572
2.82403
2.81819
2.82205
2.83846
2.86507
2.89336
2.91251
2.91426
2.89575
2.85958
2.81309
2.76677
2.73146
2.71409
2.71464
2.72711
2.74394
2.76016
2.77379
2.78392
2.78875
2.78557
2.77249
2.75048
2.72446
2.70292
2.69575
2.70968
2.74218
2.78115
2.81352
2.83428
2.84808
2.86262
2.87934
2.89181
2.89217
2.87646
2.8453
2.80285
2.7556
2.71084
2.67412
2.64694
2.62786
2.61648
2.61533
2.62647
2.64647
2.6668
2.67967
2.68207
2.67571
2.66533
2.65671
2.65362
2.65601
2.66167
2.66918
2.67966
2.69603
2.72061
2.75198
2.78477
2.81427
2.84153
2.87273
2.91142
2.95285
2.98781
3.00899
3.01294
2.99996
2.97387
2.94123
2.90964
2.88612
2.87575
2.88046
2.89835
2.92437
2.95294
2.98023
3.00513
3.02842
3.05164
3.07577
3.10066
3.125
3.14673
3.16386
3.17478
3.17886
3.17665
3.16902
3.15562
3.13395
3.10076
3.05475
2.99832
2.93722
2.87825
2.82728
2.78858
2.76431
2.75324
2.7508
2.7524
2.75691
2.76651
2.78344
2.80707
2.83348
2.85698
2.87242
2.87748
2.87357
2.86547
2.86026
2.86466
2.87904
2.89436
2.89852
2.88374
2.8488
2.79693
2.73323
2.66347
2.59412
2.53203
2.48297
2.45038
2.4354
2.43743
2.45432
2.48251
2.51817
2.55798
2.59821
2.63433
2.66309
2.68458
2.70096
2.71291
2.718
2.71269
2.6951
2.6666
2.63244
2.60173
2.58493
2.58792
2.6081
2.63837
2.67333
2.70977
2.74309
2.76593
2.77124
2.75737
2.7306
2.70238
2.68253
2.67549
2.68145
2.69791
2.71992
2.74136
2.7571
2.76422
2.76216
2.75236
2.73772
2.72177
2.70764
2.69751
2.69247
2.69191
2.69293
2.69094
2.68227
2.66688
2.64924
2.63658
2.6358
2.64948
2.67462
2.70678
2.74728
2.80271
2.8728
2.94515
3.00456
3.04125
3.05165
3.03666
3.00074
2.95086
2.89485
2.83912
2.78661
2.73689
2.6889
2.64406
2.60765
2.5879
2.59355
2.62825
2.68662
2.7575
2.83097
2.90187
2.96792
3.02599
3.07063
3.09543
3.09564
3.07024
3.02288
2.96125
2.89462
2.83093
2.77475
2.72774
2.69034
2.66272
2.64518
2.63861
2.64505
2.66641
2.70142
2.74419
2.78634
2.82027
2.84087
2.84701
2.84257
2.83517
2.83169
2.83404
2.83989
2.84719
2.85543
2.86254
2.86332
2.85221
2.82757
2.79512
2.7674
2.75531
2.75877
2.76854
2.77499
2.77272
2.76138
2.74628
2.73766
2.74643
2.77731
2.82497
2.87787
2.9252
2.96032
2.97987
2.98198
2.96647
2.93601
2.89652
2.85588
2.82141
2.79776
2.78639
2.78667
2.7963
2.81118
2.8264
2.83795
2.84434
2.84741
2.85168
2.86165
2.87927
2.90265
2.92483
2.93749
2.9382
2.93144
2.92301
2.91497
2.90497
2.88977
2.86937
2.84857
2.83301
2.82337
2.81558
2.80725
2.80165
2.80456
2.81671
2.83209
2.8447
2.85259
2.85609
2.85576
2.85234
2.84733
2.84328
2.84279
2.84678
2.85357
2.85893
2.85731
2.84379
2.81546
2.77192
2.71657
2.65903
2.61429
2.59481
2.60105
2.62128
2.64139
2.65362
2.65773
2.65715
2.65508
2.65295
2.65078
2.64833
2.6462
2.64603
2.64951
2.65771
2.67073
2.68661
2.70096
2.70886
2.708
2.70015
2.69039
2.68399
2.68364
2.68889
2.69647
2.70069
2.69421
2.67071
2.62952
2.57906
2.53462
2.50985
2.50994
2.53192
2.5686
2.61152
2.6515
2.67876
2.6857
2.67138
2.64249
2.60918
2.58009
2.56227
2.56312
2.58948
2.64269
2.71383
2.78479
2.83563
2.85311
2.83552
2.79192
2.73654
2.68138
2.63157
2.58683
2.54713
2.51602
2.49797
2.49467
2.50508
2.52645
2.55404
2.58146
2.60249
2.61408
2.61799
2.61987
2.62539
2.6364
2.64945
2.65785
2.65513
2.63761
2.60647
2.56914
2.53656
2.51726
2.5132
2.52149
2.53895
2.56415
2.59574
2.63063
2.6648
2.69639
2.72808
2.76613
2.8153
2.87258
2.9265
2.96375
2.97688
2.96887
2.95207
2.93939
2.93328
2.92546
2.90698
2.87617
2.83913
2.80516
2.78197
2.77419
2.78324
2.80481
2.82844
2.84276
2.84197
2.8281
2.80937
2.79569
2.79409
2.80544
2.82443
2.84318
2.85588
2.86013
2.8554
2.84104
2.8161
2.7817
2.74464
2.71859
2.71732
2.74244
2.77922
2.80598
2.80581
2.77224
2.70932
2.62904
2.54802
2.48622
2.46546
2.50144
2.59086
2.70933
2.82558
2.91556
2.96679
2.97646
2.94847
2.89177
2.81878
2.74263
2.67297
2.61391
2.56805
2.54231
2.54669
2.58518
2.64968
2.72249
2.7841
2.82127
2.83117
2.82178
2.80707
2.79626
2.78808
2.77836
2.76789
2.8411
2.83906
2.84622
2.86245
2.88673
2.91751
2.95339
2.99385
3.03615
3.07184
3.09063
3.08701
3.06173
3.01932
2.96591
2.9083
2.85344
2.80714
2.7722
2.74817
2.73425
2.73217
2.7452
2.77429
2.81567
2.86146
2.90206
2.92967
2.94104
2.93695
2.91946
2.89076
2.85374
2.81253
2.77415
2.74958
2.74877
2.77221
2.80885
2.84344
2.86511
2.8704
2.86157
2.84434
2.82537
2.80701
2.78352
2.7457
2.693
2.64209
2.62048
2.64265
2.69714
2.76354
2.82826
2.88266
2.91825
2.92643
2.90112
2.84273
2.76425
2.69487
2.66288
2.66819
2.68878
2.70766
2.72032
2.72757
2.72981
2.72612
2.71698
2.70701
2.70372
2.71117
2.72522
2.7376
2.74468
2.75111
2.76427
2.78555
2.80784
2.82144
2.82104
2.80658
2.7796
2.74071
2.69279
2.64755
2.62335
2.62918
2.65744
2.69687
2.74199
2.79033
2.83783
2.87871
2.90795
2.92361
2.92712
2.92145
2.90849
2.88896
2.86617
2.84912
2.84925
2.87154
2.90831
2.94361
2.96342
2.96249
2.94438
2.91702
2.88768
2.8612
2.84055
2.82664
2.81775
2.81042
2.80114
2.78739
2.76723
2.73862
2.70085
2.65842
2.62183
2.6056
2.62102
2.6603
2.69868
2.71792
2.71614
2.70084
2.68076
2.66196
2.6478
2.64101
2.64441
2.66008
2.68914
2.73034
2.77752
2.81991
2.84726
2.85513
2.84602
2.82659
2.80293
2.77721
2.74868
2.71738
2.68686
2.66409
2.65753
2.67358
2.71137
2.7602
2.80412
2.83083
2.83778
2.8323
2.8268
2.83212
2.85242
2.88244
2.90893
2.91718
2.899
2.85672
2.80038
2.74051
2.68354
2.63676
2.61508
2.63224
2.68358
2.74921
2.81188
2.86435
2.90455
2.92893
2.9303
2.90015
2.8337
2.73951
2.65105
2.61117
2.62598
2.66791
2.71822
2.77426
2.83573
2.89858
2.95731
3.00786
3.04807
3.07614
3.09015
3.09006
3.08048
3.0703
3.0674
3.07346
3.08436
3.09385
3.09549
3.08306
3.05178
3.00026
2.93228
2.85772
2.79059
2.74293
2.721
2.72728
2.76247
2.82442
2.90684
2.99924
3.08887
3.16436
3.21828
3.24661
3.2469
3.21883
3.16713
3.1035
3.04425
3.00371
2.98833
2.99435
3.00971
3.01969
3.01335
2.98646
2.94127
2.88525
2.82897
2.78295
2.75381
2.74233
2.74564
2.76069
2.78528
2.81587
2.84636
2.87122
2.88901
2.90146
2.91058
2.91815
2.92537
2.93175
2.93465
2.93095
2.91935
2.90245
2.88711
2.88153
2.88925
2.90598
2.92331
2.93513
2.94045
2.94191
2.94135
2.93687
2.92815
2.92358
2.93235
2.94965
2.96162
2.96053
2.94785
2.92869
2.90652
2.8814
2.85147
2.8165
2.7801
2.74815
2.725
2.71335
2.71596
2.73334
2.75913
2.78104
2.78913
2.78271
2.76966
2.75987
2.75898
2.76617
2.776
2.78096
2.77362
2.74941
2.70906
2.6588
2.60804
2.56599
2.54015
2.53581
2.55415
2.59041
2.63576
2.68099
2.71931
2.74775
2.76711
2.77906
2.78215
2.77161
2.74579
2.7121
2.684
2.67052
2.67169
2.68279
2.69884
2.71587
2.73146
2.74555
2.76076
2.78112
2.8096
2.84604
2.88696
2.9277
2.96432
2.99364
3.01301
3.02158
3.02165
3.01802
3.01392
3.00786
2.99559
2.97407
2.94349
2.90777
2.87413
2.85131
2.84613
2.86005
2.88841
2.92218
2.95051
2.9633
2.95371
2.92044
2.86878
2.80881
2.75132
2.70366
2.66857
2.64616
2.63732
2.64581
2.67628
2.72731
2.78825
2.84549
2.88993
2.91827
2.9301
2.92566
2.90645
2.87784
2.85058
2.83715
2.84396
2.86803
2.90285
2.94435
2.9902
3.03679
3.07934
3.11459
3.14228
3.16366
3.1788
3.18526
3.17912
3.15706
3.11734
3.06022
2.98895
2.9113
2.83933
2.7871
2.76752
2.7884
2.84632
2.92459
3.00297
3.0687
3.11728
3.14854
3.16369
3.1641
3.15133
3.12761
3.09577
3.05808
3.01521
2.96729
2.9173
2.87392
2.85
2.85513
2.88753
2.93409
2.97824
3.00889
3.02444
3.03044
3.03243
3.0299
3.01739
2.9898
2.94585
2.88769
2.81967
2.74885
2.68621
2.64434
2.63134
2.64586
2.67935
2.72256
2.76863
2.81154
2.84535
2.86648
2.87605
2.87913
2.88078
2.88218
2.8789
2.86278
2.82975
2.79043
2.76602
2.76366
2.77
2.77226
2.76838
2.76121
2.75289
2.74369
2.73368
2.72373
2.71491
2.70694
2.69833
2.68876
2.68066
2.67774
2.68254
2.69606
2.71936
2.75306
2.794
2.83374
2.86159
2.86986
2.85813
2.83361
2.80516
2.77515
2.73965
2.69672
2.65221
2.616
2.59276
2.57916
2.56966
2.56214
2.55915
2.56581
2.58453
2.61245
2.64414
2.67527
2.70464
2.73444
2.76862
2.80903
2.85132
2.88563
2.90255
2.89885
2.87775
2.84513
2.80691
2.77167
2.75195
2.75674
2.78227
2.8148
2.84141
2.85649
2.86075
2.85842
2.85528
2.85624
2.86218
2.86929
2.87187
2.86686
2.85766
2.85421
2.86608
2.89297
2.92443
2.949
2.96135
2.9616
2.95121
2.92926
2.89189
2.83586
2.76586
2.69869
2.6569
2.65011
2.66251
2.67217
2.67499
2.68074
2.69718
2.72194
2.74568
2.75941
2.7582
2.74145
2.71418
2.68709
2.66899
2.65991
2.65624
2.65851
2.67053
2.69351
2.72331
2.75246
2.77348
2.78168
2.77677
2.76306
2.74739
2.73494
2.72655
2.72084
2.71887
2.72516
2.74236
2.76658
2.78995
2.80595
2.81198
2.80827
2.79651
2.77877
2.75628
2.7282
2.69294
2.65207
2.61285
2.58625
2.58119
2.60026
2.63894
2.6875
2.73494
2.77347
2.80026
2.81605
2.82255
2.82108
2.81302
2.80088
2.78972
2.78743
2.80075
2.82948
2.86727
2.90735
2.94495
2.97586
2.9955
2.99944
2.98473
2.95082
2.90042
2.8405
2.78156
2.73356
2.69986
2.67712
2.66277
2.65933
2.66935
2.68896
2.70938
2.72327
2.72751
2.72146
2.70536
2.68081
2.65235
2.62783
2.6161
2.62243
2.64463
2.67419
2.70205
2.72551
2.74981
2.77987
2.81196
2.83961
2.86147
2.87884
2.89156
2.89806
2.89548
2.87858
2.84046
2.77646
2.69051
2.60025
2.53373
2.51314
2.5406
2.60076
2.67233
2.73622
2.77871
2.79439
2.78923
2.77801
2.77442
2.7835
2.80093
2.81633
2.81951
2.8068
2.78151
2.74906
2.71362
2.67869
2.64741
2.62075
2.59566
2.56576
2.52756
2.49805
2.51915
2.60084
2.69508
2.7642
2.80817
2.84113
2.87257
2.90288
2.927
2.94088
2.94469
2.94159
2.93467
2.92612
2.91771
2.91107
2.90633
2.90069
2.89031
2.87549
2.86134
2.85142
2.84359
2.83337
2.81894
2.80229
2.78615
2.77012
2.7506
2.72775
2.71291
2.72414
2.77135
2.84802
2.93536
3.01159
3.06088
3.07763
3.06519
3.0315
2.98523
2.93354
2.88123
2.83068
2.78368
2.74478
2.72162
2.72129
2.74534
2.78548
2.82647
2.85456
2.86086
2.83975
2.78925
2.71335
2.62279
2.53347
2.46353
2.42734
2.42825
2.45876
2.50807
2.56742
2.62983
2.68754
2.73142
2.75349
2.75079
2.7285
2.70013
2.68256
2.68734
2.71658
2.76557
2.82489
2.88198
2.92595
2.95234
2.9629
2.96135
2.94924
2.92556
2.88989
2.8451
2.79716
2.75311
2.71909
2.6995
2.69694
2.71183
2.7416
2.78011
2.81866
2.84822
2.86222
2.85901
2.84296
2.82329
2.80892
2.80103
2.79266
2.77789
2.75933
2.74539
2.74055
2.74022
2.73581
2.72311
2.70548
2.69092
2.68656
2.6941
2.70918
2.72524
2.73902
2.7521
2.76604
2.77682
2.77641
2.75887
2.72421
2.6782
2.62961
2.58684
2.55578
2.54024
2.54363
2.5694
2.6182
2.68349
2.74983
2.79836
2.81654
2.80471
2.77529
2.74566
2.72903
2.72963
2.74423
2.76621
2.78886
2.80729
2.81987
2.82735
2.8307
2.83009
2.82558
2.81787
2.80885
2.80158
2.79929
2.80338
2.81194
2.82133
2.82884
2.83348
2.8345
2.83084
2.82287
2.81425
2.80856
2.80258
2.78773
2.75935
2.72215
2.68704
2.66427
2.65914
2.6707
2.69248
2.71464
2.7271
2.72156
2.6938
2.64794
2.60169
2.57985
2.59195
2.62517
2.66337
2.69962
2.73299
2.76223
2.78375
2.79588
2.80313
2.8125
2.8273
2.84709
2.86752
2.88051
2.88155
2.87471
2.86711
2.86179
2.85692
2.84719
2.82573
2.79085
2.75083
2.72173
2.71921
2.74885
2.80105
2.85699
2.89981
2.92098
2.92038
2.90373
2.87942
2.85564
2.83855
2.83116
2.83352
2.8444
2.86324
2.88994
2.92287
2.95719
2.98524
2.99891
2.99259
2.96582
2.92431
2.87864
2.84008
2.81531
2.80388
2.80111
2.80296
2.80743
2.81425
2.82547
2.84559
2.87841
2.92309
2.9733
3.01975
3.05299
3.06547
3.05391
3.02087
2.97465
2.92799
2.8983
2.90336
2.94427
2.99914
3.04315
3.06463
3.06323
3.04417
3.01499
2.98361
2.95623
2.93618
2.92408
2.9184
2.91583
2.91175
2.90232
2.88634
2.86546
2.84154
2.81409
2.78196
2.74794
2.71961
2.70418
2.70352
2.71512
2.73558
2.76149
2.7885
2.81156
2.82686
2.83334
2.83205
2.82483
2.81416
2.80356
2.79676
2.79562
2.79907
2.80436
2.80948
2.8145
2.81892
2.81693
2.79909
2.76126
2.71072
2.66424
2.64081
2.65226
2.69702
2.76188
2.82944
2.88422
2.91712
2.92744
2.9181
2.88941
2.84094
2.77871
2.7171
2.67206
2.65124
2.65164
2.66729
2.69653
2.74122
2.79978
2.86268
2.91545
2.94626
2.95103
2.9343
2.90761
2.8856
2.87939
2.89065
2.91152
2.92925
2.93195
2.91395
2.87998
2.84396
2.81942
2.80926
2.80628
2.8023
2.79394
2.78153
2.76721
2.75538
2.75311
2.76734
2.79895
2.83934
2.87528
