135.719
122.431
114.122
108.52
101.623
93.4766
88.5902
84.2889
83.3019
81.6394
79.8331
79.6815
79.6542
78.8128
77.9039
76.5431
75.4266
75.2926
73.3285
73.2648
71.6848
70.5413
69.7382
68.8793
66.4403
65.404
64.6386
63.0261
62.3335
61.7192
61.2102
60.2997
59.7907
59.7674
59.7674
59.7674
59.7674
58.6569
58.6569
58.6569
58.3099
58.3099
58.3099
58.3099
58.3099
58.3099
58.3099
58.3099
58.1171
58.1171
58.0013
58.0013
58.0013
57.3095
57.3095
57.2655
57.2655
57.2655
57.2655
57.2655
57.2655
57.2655
57.2655
57.2655
57.2655
57.2655
57.2655
57.2655
57.2655
57.2655
57.2655
57.2655
57.2655
57.2095
57.2095
57.2095
57.2095
57.2095
57.2095
57.2095
57.2095
57.2095
57.2095
57.2095
57.2095
57.2095
57.2095
57.2095
57.2095
57.2095
57.2095
57.2095
57.2095
57.2095
57.2095
57.2095
57.2095
57.2095
57.2095
57.2095
57.2095
57.2095
57.2095
57.2095
57.2095
57.2095
57.2095
57.2095
57.2095
57.2095
57.2095
57.2095
57.2095
57.2095
57.2095
57.2095
57.2095
57.2095
57.2095
57.2095
57.2095
57.2095
57.2095
57.2095
57.2095
57.2095
57.2095
57.2095
57.2095
57.2095
57.2095
57.2095
57.2095
57.2095
57.2095
57.2095
57.2095
57.2095
57.2095
57.2095
57.2095
57.2095
57.2095
57.2095
57.2095
57.2095
57.2095
57.2095
57.2095
57.2095
57.2095
57.2095
57.2095
57.2095
57.2095
57.2095
57.2095
57.2095
57.2095
57.2095
57.2095
57.2095
57.2095
57.2095
57.2095
57.2095
57.2095
57.2095
57.2095
57.2095
57.2095
57.2095
57.2095
57.2095
57.2095
57.2095
57.2095
57.2095
57.2095
57.2095
57.2095
57.2095
57.2095
57.2095
57.2095
57.2095
57.2095
57.2095
57.2095
57.2095
57.2095
57.2095
57.2095
57.2095
56.6535
56.6535
56.6535
56.6535
56.6535
56.6535
56.6535
56.6535
56.6535
56.5304
56.5304
56.5304
56.5304
56.5304
56.5304
56.5304
56.5304
56.5304
56.5304
56.5304
56.5304
56.5304
56.5304
56.5304
56.5304
56.5304
56.5304
56.5304
56.5304
56.5304
56.5304
56.5304
56.5304
56.5304
56.5304
56.5304
56.5304
56.5304
56.5304
56.5304
56.5304
56.5304
56.5304
56.5304
56.5304
56.5304
56.5304
56.5304
56.5304
56.5304
56.5304
56.5304
56.5304
56.5304
56.5304
56.5304
56.5304
56.5304
56.5304
56.5304
56.5304
56.5304
56.5304
56.5304
56.5304
56.5304
56.5304
56.0995
53.4288
53.4288
53.4288
52.4498
52.4498
52.4498
52.4498
52.4498
52.4498
52.4498
52.4498
52.4112
52.4112
52.4112
52.4112
52.4112
52.4112
52.4112
52.4112
52.4112
52.4112
52.4112
52.4112
52.4112
52.4112
52.4112
52.4112
52.4112
52.4112
52.4112
52.4112
52.4112
52.4112
52.4112
52.4112
52.4112
52.4112
52.4112
52.4112
52.4112
52.4112
52.4112
52.4112
52.4112
52.4112
52.4112
52.4112
52.4112
52.4112
52.4112
52.4112
52.4112
52.4112
52.4112
52.4112
52.4112
52.4112
52.4112
52.4112
52.4112
52.4112
52.4112
52.4112
52.4112
52.4112
52.4112
52.4112
52.4112
52.4112
52.4112
52.4112
52.4112
52.4112
52.4112
52.4112
52.4112
52.4112
52.4112
52.4112
52.4112
52.4112
52.4112
52.4112
52.4112
52.4112
52.4112
52.4112
52.4112
52.4112
52.4112
52.4112
52.4112
52.4112
52.4112
52.4112
52.4112
52.4112
52.4112
52.4112
52.4112
52.4112
52.4112
52.4112
52.4112
52.4112
52.4112
52.4112
52.4112
52.4112
52.4112
52.4112
52.4112
52.4112
52.4112
52.4112
52.4112
52.4112
52.4112
52.4112
52.4112
52.4112
52.4112
52.4112
52.4112
52.4112
52.4112
52.4112
52.4112
52.4112
52.4112
52.4112
52.4112
52.4112
52.4112
52.4112
52.4112
52.4112
52.4112
52.4112
52.4112
52.4112
52.4112
52.4112
52.4112
52.4112
52.4112
52.4112
52.4112
52.4112
52.4112
52.4112
52.4112
52.4112
52.4112
52.4112
52.4112
52.4112
52.4112
52.4112
52.4112
52.4112
52.4112
52.4112
52.4112
52.4112
52.4112
52.4112
52.4112
52.4112
52.4112
52.4112
52.4112
52.4112
52.4112
52.4112
52.4112
52.4112
52.4112
52.4112
52.4112
52.4112
52.4112
52.4112
52.4112
52.4112
52.4112
52.4112
52.4112
52.4112
52.4112
52.4112
52.4112
52.4112
52.4112
52.4112
52.4112
52.4112
52.4112
52.4112
52.4112
52.4112
52.4112
52.4112
52.4112
52.4112
52.4112
52.4112
52.4112
52.4112
52.4112
52.4112
52.4112
52.4112
52.4112
52.4112
52.4112
52.4112
52.4112
52.4112
52.4112
52.4112
52.4112
52.4112
52.4112
52.4112
52.4112
52.4112
52.4112
52.4112
52.4112
52.4112
52.4112
52.4112
52.4112
52.4112
52.4112
52.4112
52.4112
52.4112
52.4112
52.4112
52.4112
52.4112
52.4112
52.4112
52.4112
52.4112
52.4112
52.4112
52.4112
52.4112
52.4112
52.4112
52.4112
52.4112
52.4112
52.4112
52.4112
52.4112
52.4112
52.4112
52.4112
52.4112
52.4112
52.4112
52.4112
52.4112
52.4112
52.4112
52.4112
52.4112
52.4112
52.4112
52.4112
52.4112
52.4112
52.4112
52.4112
52.4112
52.4112
52.4112
52.4112
52.4112
52.4112
52.4112
52.4112
52.4112
52.4112
52.4112
52.4112
52.4112
52.4112
52.4112
52.4112
52.4112
52.4112
52.4112
52.4112
52.4112
52.4112
52.4112
52.4112
52.4112
52.4112
52.4112
52.4112
52.4112
52.4112
52.4112
52.4112
52.4112
52.4112
52.4112
52.4112
52.4112
52.4112
52.4112
52.4112
52.4112
52.4112
52.4112
52.4112
52.4112
52.4112
52.4112
52.4112
52.4112
52.4112
52.4112
52.4112
52.4112
52.4112
52.4112
52.4112
52.4112
52.4112
52.4112
52.4112
52.4112
52.4112
52.4112
52.4112
52.4112
52.4112
52.4112
52.4112
52.4112
52.4112
52.4112
52.4112
52.4112
52.4112
52.4112
52.4112
52.4112
52.4112
52.4112
52.4112
52.4112
52.4112
52.4112
52.4112
52.4112
52.4112
52.4112
52.4112
52.4112
52.4112
52.4112
52.4112
52.4112
52.4112
52.4112
52.4112
52.4112
52.4112
52.4112
52.4112
52.4112
52.4112
52.4112
52.4112
52.4112
52.4112
52.4112
52.4112
52.4112
52.4112
52.4112
52.4112
52.4112
52.4112
52.4112
52.4112
52.4112
52.4112
52.4112
52.4112
52.4112
52.4112
52.4112
52.4112
52.4112
52.4112
52.4112
52.4112
52.4112
52.4112
52.4112
52.4112
52.4112
52.4112
52.4112
52.4112
52.4112
52.4112
52.4112
52.4112
52.4112
52.4112
52.4112
52.4112
52.4112
52.4112
52.4112
52.4112
52.4112
52.4112
52.4112
52.4112
52.4112
52.4112
52.4112
52.4112
52.4112
52.4112
52.4112
52.4112
52.4112
52.4112
52.4112
52.4112
52.4112
52.4112
52.4112
52.4112
52.4112
52.4112
52.4112
52.4112
52.4112
52.4112
52.4112
52.4112
52.4112
52.4112
52.4112
52.4112
52.4112
52.4112
52.4112
52.4112
52.4112
52.4112
52.4112
52.4112
52.4112
52.4112
52.4112
52.4112
52.4112
52.4112
52.4112
52.4112
52.4112
52.4112
52.4112
52.4112
52.4112
52.4112
52.4112
52.4112
52.4112
52.4112
52.4112
52.4112
52.4112
52.4112
52.4112
52.4112
52.4112
52.4112
52.4112
52.4112
52.4112
52.4112
52.4112
52.4112
52.4112
52.4112
52.4112
52.4112
52.4112
52.4112
52.4112
52.4112
52.4112
52.2141
52.2141
52.2141
52.2141
52.2141
52.2141
52.2141
52.2141
52.2141
52.2141
52.2141
52.2141
52.2141
52.2141
52.2141
52.2141
52.2141
52.2141
52.2141
52.2141
52.2141
52.2141
52.2141
52.2141
52.2141
52.2141
52.2141
52.2141
52.2141
52.2141
52.2141
52.2141
52.2141
52.2141
52.2141
52.2141
52.2141
52.2141
52.2141
52.2141
52.2141
52.2141
52.2141
52.2141
52.2141
52.2141
52.2141
52.2141
52.2141
52.2141
52.2141
52.2141
52.2141
52.2141
52.2141
52.2141
52.2141
52.2141
52.2141
52.2141
52.2141
52.2141
52.2141
52.2141
52.2141
52.2141
52.2141
52.2141
52.2141
52.2141
52.2141
52.2141
52.2141
52.2141
52.2141
52.2141
52.2141
52.2141
52.2141
52.2141
52.2141
52.2141
52.2141
52.2141
52.2141
52.2141
52.2141
52.2141
52.2141
52.2141
52.2141
52.2141
52.2141
52.2141
52.2141
52.2141
52.2141
52.2141
52.2141
52.2141
52.2141
52.2141
52.2141
52.2141
52.2141
52.2141
52.2141
52.2141
52.2141
52.2141
52.2141
52.2141
52.2141
52.2141
52.2141
52.2141
52.2141
52.2141
52.2141
52.2141
52.2141
52.2141
52.2141
52.2141
52.2141
52.2141
52.2141
52.2141
52.2141
52.2141
52.2141
52.2141
52.2141
52.2141
52.2141
52.2141
52.2141
52.2141
52.2141
52.2141
52.2141
52.2141
52.2141
52.2141
52.2141
52.2141
52.2141
52.2141
52.2141
52.2141
52.2141
52.2141
52.2141
52.2141
52.2141
52.2141
52.2141
52.2141
52.2141
52.2141
52.2141
52.2141
52.2141
52.2141
52.2141
52.2141
52.2141
52.2141
52.2141
52.2141
52.2141
52.2141
52.2141
52.2141
52.2141
52.2141
52.2141
52.2141
52.2141
52.2141
52.2141
52.2141
52.2141
52.2141
52.2141
52.2141
52.2141
52.2141
52.2141
52.2141
52.2141
52.2141
52.2141
52.2141
52.2141
52.2141
52.2141
52.2141
52.2141
52.2141
52.2141
52.2141
52.2141
52.2141
52.2141
52.2141
52.2141
52.2141
52.2141
52.2141
52.2141
52.2141
52.2141
52.2141
52.2141
52.2141
52.2141
52.2141
52.2141
52.2141
52.2141
52.2141
52.2141
52.2141
52.2141
52.2141
52.2141
52.2141
52.2141
52.2141
52.2141
52.2141
52.2141
52.2141
52.2141
51.6691
51.6691
51.6691
51.5797
51.5797
51.5797
51.5797
51.5797
51.5797
51.5797
51.5797
51.5797
51.5797
51.5797
51.5797
51.5797
51.5797
51.5797
51.5797
51.5797
51.5797
51.5797
51.5797
51.5797
51.5797
51.5797
51.5797
51.5797
51.5797
51.5797
51.5797
51.5797
51.5797
51.5797
51.5797
51.5797
51.5797
51.5797
51.5797
51.5797
51.5797
51.5797
51.5797
51.5797
51.5797
51.5797
51.5797
51.5797
51.5797
51.5797
51.5797
51.5797
51.5797
51.5797
51.5797
51.5797
51.5797
51.5797
51.5797
51.5797
51.5797
51.5797
51.5797
51.5797
51.5797
51.5797
51.5797
51.5797
51.5797
51.5797
51.5797
51.5797
51.5797
51.5797
51.5797
51.5797
51.5797
51.5797
51.5797
51.5797
51.5797
51.5797
51.5797
51.5797
51.5797
51.5797
51.5797
51.5797
51.5797
51.5797
51.5797
51.5797
51.5797
51.5797
51.5797
51.5797
51.5797
51.5797
51.5797
51.5797
51.5797
51.5797
51.5797
51.5797
51.5797
51.5797
51.5797
51.5797
51.5797
51.5797
51.5797
51.5797
51.5797
51.5797
51.5797
51.5797
51.5797
51.5797
51.5797
51.5797
51.5797
51.5797
51.5797
51.5797
51.5797
51.5797
51.5797
51.5797
51.5797
51.5797
51.5797
51.5797
51.5797
51.5797
51.5797
51.5797
51.5797
51.5797
51.5797
51.5797
51.5797
51.5797
51.5797
51.5797
51.5797
51.5797
51.5797
51.5797
51.5797
51.5797
51.5797
51.5797
51.5797
51.5797
51.5797
51.5797
51.5797
51.5797
51.5797
51.5797
51.5797
51.5797
51.5797
51.5797
51.5797
51.5797
51.5797
51.5797
51.5797
51.5797
51.5797
51.5797
51.5797
51.5797
51.5797
51.5797
51.5797
51.5797
51.5797
51.5797
51.5797
51.5797
51.5797
51.5797
51.5797
51.5797
51.5797
51.5797
51.5797
51.5797
51.5797
51.5797
51.5797
51.5797
51.5797
51.5797
