163.724
140.125
126.966
116.891
110.885
105.006
98.9291
92.6849
87.6054
85.376
83.6865
81.8353
81.6693
80.7985
80.191
79.2476
77.9059
76.8394
76.4642
76.4996
75.3399
73.7673
72.7484
72.2627
71.0865
68.9617
67.0876
66.279
65.4726
64.0715
65.691
63.6509
62.1588
61.2628
61.6786
64.104
62.5293
61.7226
60.4329
59.6825
60.4806
62.6955
60.4228
59.5823
59.757
59.9088
59.4942
59.6715
59.5419
59.7661
58.8965
59.1034
59.4124
58.8954
62.3342
60.1161
61.6728
60.4922
58.9267
59.0374
58.7738
58.8081
58.5528
58.549
58.6579
58.5179
59.1125
58.3062
58.8463
58.3411
58.2061
58.8111
59.0937
58.5633
58.8429
58.6392
58.6859
58.359
58.6185
58.8168
58.5801
58.6429
58.8229
58.7084
58.7779
58.5217
58.7228
58.8529
58.5656
58.4945
59.0741
58.5033
58.0628
58.3825
58.4289
58.1223
58.6445
58.5427
58.4292
58.8383
58.3852
58.5116
58.6991
58.5792
59.0151
58.5187
58.7079
58.3702
58.5022
58.7465
58.5216
58.2158
58.5628
58.6883
58.4062
58.4236
58.4804
58.8543
58.9776
58.3048
58.2304
58.4367
58.9146
58.5116
58.1417
58.7685
58.5032
58.6221
58.3023
58.6425
58.5419
58.7644
58.6678
58.9256
58.63
58.7479
58.7879
58.706
58.7949
58.3908
59.0006
58.5639
58.7127
58.679
58.8724
58.9274
58.779
58.8198
58.3902
58.7001
58.9856
58.6746
58.7462
58.3712
58.3626
58.5756
58.8127
58.6813
58.7632
58.4105
58.6019
58.6601
58.3992
58.6545
59.2292
58.3193
58.454
58.5401
58.8035
58.4574
59.0314
58.784
58.8525
59.0907
59.012
59.0299
58.7993
59.159
59.282
58.6553
58.906
58.528
58.4094
58.6486
58.5697
58.8246
59.4286
58.4277
59.211
58.8875
58.6398
59.045
58.8282
58.795
58.9273
59.6431
58.2818
58.4482
58.1989
58.0825
58.3832
58.1224
57.9999
58.3738
58.4011
58.1791
58.0952
58.4075
58.3282
57.9279
57.8872
57.8913
58.2934
57.9988
57.691
57.6489
57.681
57.7926
57.9088
58.1491
57.7156
57.7814
57.7839
57.6594
57.8106
57.6449
57.7345
58.0222
58.1796
58.4178
57.2443
57.5669
57.9697
57.7746
57.7315
57.9741
57.7615
57.8029
58.191
58.4018
57.693
57.9916
58.5582
58.1145
58.0209
57.8179
58.1093
58.2875
57.6934
58.0147
57.9033
58.1874
58.1972
57.7299
57.8487
58.2897
58.4841
58.1181
57.9018
58.018
58.043
57.8974
60.7945
58.7391
55.8474
55.1278
54.412
54.0514
54.2807
53.3578
54.0628
54.0501
54.2404
53.9794
54.0811
54.102
54.3081
53.9441
53.9666
53.807
53.3742
54.1627
53.9271
54.2786
54.0224
54.49
54.1788
53.9206
53.6624
53.9826
53.9899
53.718
54.2805
53.7383
53.9553
53.8385
54.0109
53.3491
54.063
54.1671
54.2557
54.2415
54.4496
54.2517
54.1435
53.8443
54.2546
54.5575
54.1917
54.3697
54.3916
53.9116
54.3128
54.3895
53.8024
53.5536
53.8658
53.8745
53.7677
53.8562
54.0587
53.9478
53.816
54.1558
54.3368
54.2602
53.7341
53.9113
53.7548
53.7836
54.1672
53.7657
53.5682
53.8221
53.4108
54.0604
54.9539
54.1905
53.6162
53.7932
54.5385
53.6965
54.3988
54.2846
54.026
53.7797
53.6687
53.4785
53.813
53.9253
54.3148
53.6467
54.3373
54.2343
54.0734
53.5291
53.3133
53.6294
53.7016
54.0868
53.6846
54.2699
53.4114
54.3858
53.7235
53.3621
53.9025
53.8722
53.8477
53.521
54.0497
54.0874
53.0277
54.0245
53.9698
54.0932
53.9012
54.2276
53.9715
53.5949
54.0842
54.0425
54.1064
54.0475
53.8564
53.7988
54.2558
54.2984
54.2643
53.7077
53.8336
54.2452
54.3681
54.1611
57.1762
56.9011
55.4677
54.2516
57.3243
56.7459
55.3592
53.7732
53.5687
53.7809
53.5464
53.5752
54.0284
54.031
53.3442
53.6906
54.014
54.2257
53.9577
53.8157
54.1382
54.0506
53.9778
54.4728
54.3891
53.5725
53.8711
54.1702
53.8166
53.3571
54.1223
54.1667
53.8582
53.6517
53.9048
53.9166
54.073
53.9308
53.6563
54.1353
53.914
53.5018
53.8533
53.5914
53.996
53.902
54.2473
54.3867
54.257
53.7716
54.0375
53.8507
54.6978
53.6255
54.3809
53.9965
53.9385
54.1655
53.8308
53.6407
53.5943
53.7682
58.0116
56.2759
54.3542
53.6364
54.2966
54.4896
54.2216
53.911
53.7771
54.1759
53.9018
54.6775
53.8611
54.0668
53.8173
54.5058
54.029
53.8133
53.7165
54.1869
54.2882
54.2562
53.7423
54.0468
54.2974
53.895
54.0818
53.875
54.0022
53.8744
54.4806
54.0511
53.5773
53.9339
53.9853
53.8318
53.6603
54.074
53.7495
53.5769
53.6127
54.0141
53.8375
54.3389
53.6598
53.9131
54.0157
54.2213
54.6485
54.1525
54.3231
54.2208
54.7152
54.0231
53.9987
53.8239
54.3103
53.3412
53.7578
53.7591
53.678
54.1381
54.1897
54.702
54.1848
54.002
54.2226
54.0715
53.9309
53.7902
53.3873
53.7991
53.3473
53.9836
53.9567
53.0692
53.7207
53.7946
54.1876
54.4965
54.139
53.7847
53.9924
53.6006
53.6276
54.7947
53.71
54.0036
54.1113
53.9608
54.2973
53.6775
53.5534
53.7838
53.9945
54.0723
53.3556
53.5982
54.1413
54.095
53.3676
54.0454
54.0941
53.8706
54.0874
54.2297
54.6623
54.3097
53.939
53.5211
54.5056
53.8618
53.9375
54.2475
54.1252
53.7945
54.0514
54.0732
53.376
54.031
53.9407
54.0584
54.1163
54.6602
55.0763
54.0843
53.8055
53.9689
53.8503
53.4206
54.2355
53.901
54.0597
54.1841
53.9905
53.9136
54.1201
54.3235
54.0481
54.5138
54.2433
54.1328
54.1584
53.5789
53.4325
53.6609
53.5271
53.8811
53.5976
54.1241
54.1919
54.2322
54.1588
53.7988
54.0985
53.6579
53.6588
53.4729
53.6001
53.6126
53.9843
53.5239
53.4791
54.4199
53.8074
54.2748
54.3048
53.8684
53.7855
53.6445
53.8325
54.1335
54.4838
54.2906
54.0576
54.5956
53.7963
54.0488
54.4016
53.9717
53.7909
53.3411
54.5581
53.865
53.8594
53.8003
53.9843
53.6137
54.1191
53.8948
54.5343
53.9236
54.0204
54.005
54.4153
53.8831
53.7724
54.7779
54.2907
54.3136
53.7848
54.4301
53.7625
54.7778
54.3358
53.604
54.1603
54.0934
53.4132
54.0588
53.862
53.964
54.81
54.2448
53.976
54.0274
54.3342
53.6138
54.0762
54.6977
54.2236
54.8135
54.2893
54.0318
54.9855
54.183
54.1871
54.0886
54.2971
53.99
53.9668
53.5669
54.0402
54.5677
53.7658
53.9233
53.9285
54.0066
53.5808
53.6553
53.3894
53.653
53.5981
53.9117
53.9347
53.7575
53.6988
53.6148
53.7878
54.1702
54.3159
53.708
54.1234
54.2293
54.0405
53.8929
53.8455
54.2837
54.0457
54.1485
54.7556
54.2023
53.9407
53.8203
53.6341
54.3979
53.9859
53.4984
53.9136
53.7193
54.0487
54.2717
54.613
54.554
54.7124
57.9507
55.7425
54.9717
54.0042
54.4077
54.1189
53.5512
54.1498
54.0893
53.7161
54.2712
54.0097
53.8806
54.1134
53.8805
54.0021
53.9795
54.2518
54.0974
53.7286
54.1065
54.0231
54.2972
54.7829
54.3334
54.0834
53.4358
53.6483
53.9874
53.9245
53.7628
53.8207
53.6698
53.5724
53.5986
54.0739
53.5357
53.5353
54.1195
53.5677
53.584
53.2796
52.9864
53.5412
53.1982
52.8981
52.8567
53.3523
53.5454
53.654
53.4535
53.0985
53.1239
53.4062
53.2417
53.5248
53.564
53.2053
53.3736
53.1535
52.9581
53.6503
53.6474
53.1585
53.19
53.3137
53.7327
53.4455
53.3826
53.3703
53.0793
53.435
53.0667
52.8871
53.569
52.8541
53.4626
53.4011
52.9279
53.9021
53.2153
53.248
52.984
53.3269
53.1376
53.3845
53.3306
53.6962
52.8281
52.8941
52.8895
53.7237
53.5215
53.2924
53.1206
53.7428
53.3093
54.0163
53.3551
53.671
53.1424
53.2044
53.1439
53.1069
53.0302
53.4165
53.3798
53.1527
53.5481
53.7339
53.3198
53.0034
53.2106
53.0265
53.005
53.2668
53.3525
53.4278
53.0148
53.3354
53.3119
53.6456
53.2306
53.3275
53.6132
53.3
53.2206
53.4392
52.9636
53.3224
53.0469
53.0252
53.2617
53.2987
53.5875
53.1189
53.3851
53.3157
53.4417
53.5065
53.1174
53.3014
53.1472
53.0969
53.3315
53.6507
53.1789
53.0038
53.0921
53.3213
53.1054
53.2443
53.0555
52.7042
52.7832
53.4104
53.4421
53.4696
53.5361
53.2516
52.9248
53.2474
53.2564
53.5436
53.7375
53.2082
52.9864
53.3477
53.4721
53.3441
53.4219
53.2875
53.6597
53.6381
53.845
53.9576
53.1517
53.0945
52.9418
53.2763
52.981
53.0796
52.7263
53.0789
53.5707
53.4371
53.3301
53.2065
53.5897
53.4638
53.4587
52.9972
53.2849
53.3628
52.8576
53.3001
52.8362
53.1215
53.1393
53.8422
53.7399
53.5788
53.3658
53.3373
52.9945
53.3609
53.4072
53.3951
53.094
53.2089
52.9977
53.0156
53.4549
53.0698
53.0361
53.3343
53.1569
53.2227
53.0563
53.0852
53.5193
53.23
52.9152
53.0928
53.3854
52.8709
52.8996
53.5665
52.9038
53.3739
53.4984
53.4801
52.9339
53.5675
53.4542
52.9187
53.7918
53.1089
53.5653
53
53.4088
53.7954
52.8447
53.0486
53.4465
53.2023
52.9044
53.3846
53.1019
53.4233
53.4846
53.5037
53.2796
53.3337
53.858
53.2353
53.583
53.4502
53.5528
53.2316
53.1872
52.9048
53.2925
53.1192
53.7161
53.1181
53.1338
52.8954
52.8305
52.9371
53.139
53.0628
52.863
53.0377
55.1446
57.183
54.5936
53.5121
52.7039
53.1541
53.2219
53.3499
53.2896
53.3024
53.0535
52.9701
53.2439
53.9752
53.5275
53.1757
52.9175
53.1962
53.5446
53.4495
53.3642
52.6167
52.9233
52.7734
53.3097
53.4498
53.3911
53.0583
53.0543
53.0228
53.1006
52.4577
52.9815
53.2634
52.7312
52.7611
53.352
52.8906
52.8004
53.2124
53.0013
53.4546
53.1526
52.6309
52.5498
52.668
53.2781
53.1784
53.2901
53.0313
53.4078
53.1296
53.3603
52.7359
53.0698
52.8707
53.1283
53.0165
53.0861
52.4523
52.6676
52.9866
52.6598
52.9898
53.0849
52.8671
52.8478
52.6225
53.4229
52.6032
52.589
52.8578
53.2008
52.9216
52.7927
52.8782
53.2922
52.8344
53.2723
53.4274
53.1152
53.5126
53.4171
53.7445
53.3063
53.6806
53.4171
52.6633
52.8551
53.2946
53.5763
52.4654
53.1224
52.8967
52.9197
52.6199
52.575
52.9155
53.0731
52.7097
52.679
53.3732
53.1605
52.9039
52.9325
52.0793
53.003
52.8477
53.0642
53.3217
52.7525
53.0794
52.9168
52.901
53.5404
52.8022
52.4648
52.4959
52.4133
53.2058
52.8704
53.0367
52.7669
52.7664
52.7451
52.4835
52.6841
53.1684
53.5205
52.9736
52.7737
52.8603
53.2927
52.947
53.1651
52.6521
53.2543
53.1853
53.3613
52.843
52.8612
53.1548
53.0768
53.013
52.386
52.949
53.0599
53.4021
52.6619
53.0782
53.2042
52.9858
53.6595
53.1598
52.4862
52.7679
52.7713
52.7945
52.8141
53.0122
52.8568
52.1891
53.0418
53.4533
53.4724
52.4608
52.9145
53.0038
53.2248
52.8485
52.7373
52.9585
52.8272
52.7846
52.6688
52.5694
52.9027
52.9017
53.3041
53.1239
53.039
52.9783
52.8437
52.9456
53.1859
53.034
53.4481
53.3817
53.5721
52.7409
52.8556
52.9433
52.7846
52.7967
52.9611
