0.0194306   0.308998   0.456437
0.010126   0.34963   0.0408602
-0.437739   -0.384519   -0.0222332
0.0415588   0.10108   -0.188675
0.0688602   0.170458   -0.350967
0.358355   -0.335519   -0.0198824
-0.150813   -0.294856   -0.458464
0.330698   0.380907   -0.385898
-0.254365   -0.171559   0.280862
0.109349   -0.321474   0.237296
0.477639   0.369962   -0.158392
0.237031   0.37293   0.154456
-0.199321   0.186974   0.134321
-0.0383399   0.245877   -0.224215
-0.0665513   0.420318   0.130891
-0.324515   -0.00133768   0.000159763
0.132813   -0.210762   0.115964
0.298598   0.0611156   0.203213
0.0688093   0.208041   -0.466815
0.236653   0.050023   -0.366986
0.218893   0.116943   0.0175792
-0.45239   0.332767   0.212175
0.0471838   0.477781   0.326707
-0.0367767   -0.0287016   0.283803
-0.329156   0.0786414   0.375993
0.114414   -0.0166714   0.44392
-0.0857429   0.371071   -0.186367
-0.207927   0.410728   0.348656
-0.340482   -0.445418   0.466505
0.309392   0.304017   -0.471035
-0.176261   0.381394   0.156377
0.200821   0.225663   -0.104304
0.48733   -0.248544   0.379017
-0.0686989   -0.114886   0.379657
0.0302536   -0.312994   0.208148
-0.46527   -0.462462   -0.390572
-0.465682   -0.100398   0.356722
-0.369173   0.0149818   0.0880461
0.406934   0.105261   0.423476
-0.323021   0.0829938   -0.466441
-0.0980897   0.340686   0.166502
-0.12531   -0.201338   0.140369
-0.054239   0.1975   -0.451397
0.494392   -0.497127   -0.0239334
-0.0537971   -0.17755   0.314938
0.180164   0.0869623   -0.089554
0.10498   -0.425679   -0.153599
0.3055   -0.316283   0.276481
0.12832   0.120236   0.0048602
-0.25538   0.497414   0.42978
0.00021338   0.157846   0.26417
-0.16441   0.390074   0.0421322
-0.281828   -0.4926   -0.49089
-0.463262   0.492483   -0.23944
0.0385852   0.103781   0.154063
-0.0357926   -0.19185   -0.138741
-0.498642   -0.412918   -0.216647
-0.229742   -0.461724   0.0547398
-0.43873   -0.44454   0.0903693
0.102795   -0.0531269   -0.157376
0.014196   0.162187   0.440757
0.315507   0.255235   0.34917
-0.313028   -0.424564   -0.367139
-0.108501   0.192674   0.471801
-0.359054   0.314967   -0.167701
0.207614   -0.464665   -0.166121
-0.290496   -0.463432   0.251277
0.103926   -0.301209   0.320549
-0.343975   0.150474   -0.0575758
-0.475587   -0.275944   -0.141849
0.0220601   -0.131642   -0.0970126
0.368717   0.356448   0.0405864
-0.240339   0.0986367   -0.113231
0.0238443   0.202378   0.207381
-0.314813   0.215317   0.079046
0.0463116   0.01308   -0.495284
0.00115845   -0.200599   0.391355
0.0565247   0.45704   0.0420883
0.17712   0.167413   -0.15186
0.161388   0.0542815   0.0573962
0.439253   0.0960361   -0.167716
-0.45917   0.438767   0.00986596
0.119564   0.126591   0.37261
0.106794   -0.469837   -0.430171
0.0979308   0.237665   0.453616
-0.0320667   0.284848   -0.395634
-0.370318   0.474624   0.150423
0.240072   -0.219419   0.0659408
0.407565   -0.0378991   0.236971
-0.353174   -0.10617   -0.0284414
-0.207615   0.467451   -0.185145
-0.385988   -0.204938   0.356145
0.393991   0.345954   0.238273
-0.345244   0.455628   0.32911
-0.0270798   0.103579   0.315295
0.127304   -0.0823624   -0.231068
-0.278078   -0.196285   -0.0745387
0.13106   0.0325328   0.357822
0.135608   -0.0440081   -0.00721744
-0.26696   0.428741   0.399905
0.312002   0.481602   -0.22965
-0.34299   -0.0676224   0.425722
0.242187   0.266567   0.379062
-0.132268   -0.127191   0.306261
-0.0501938   -0.0734202   -0.0387338
-0.110973   -0.330397   -0.377213
-0.480656   0.13669   0.49169
-0.404097   0.475755   0.0750567
