0.0192294   0.30938   0.456581
0.0108906   0.350128   0.0407178
-0.437658   -0.384384   -0.0230144
0.0421943   0.10145   -0.189209
0.0681288   0.170633   -0.35136
0.358869   -0.335795   -0.0194552
-0.150424   -0.294287   -0.458425
0.330595   0.380442   -0.386104
-0.253937   -0.171727   0.280666
0.109205   -0.321874   0.236815
0.47767   0.369451   -0.158153
0.236779   0.373268   0.15404
-0.199701   0.18668   0.134409
-0.0378693   0.246582   -0.224131
-0.06631   0.419457   0.131168
-0.324367   -0.000689712   -0.000663083
0.132417   -0.211018   0.115269
0.299263   0.0617072   0.203493
0.0682014   0.20842   -0.467072
0.236412   0.050109   -0.367725
0.218414   0.11694   0.0176532
-0.452991   0.332716   0.212326
0.0476455   0.477848   0.326332
-0.0371993   -0.0289204   0.284444
-0.328204   0.0786779   0.375874
0.114169   -0.0162475   0.444286
-0.0860409   0.370781   -0.186772
-0.206514   0.409959   0.348081
-0.341297   -0.445231   0.466075
0.30912   0.304071   -0.470206
-0.176481   0.381354   0.155971
0.201485   0.225878   -0.104151
0.487314   -0.248424   0.379263
-0.069373   -0.115537   0.379252
0.0296442   -0.313202   0.207729
-0.465796   -0.462628   -0.390018
-0.465986   -0.0997961   0.357078
-0.369316   0.0152838   0.0880692
0.406935   0.104867   0.423179
-0.32321   0.0825644   -0.466276
-0.0981757   0.340037   0.167013
-0.125683   -0.201521   0.139867
-0.0543562   0.197643   -0.452108
0.494536   -0.496953   -0.0236789
-0.0534417   -0.177936   0.314282
0.180596   0.0869066   -0.0891797
0.104439   -0.425525   -0.154341
0.304872   -0.316386   0.276283
0.12828   0.120996   0.00505921
-0.255391   0.497559   0.429405
-3.85984e-05   0.157515   0.264637
-0.164577   0.389654   0.0421968
-0.2815   -0.493021   -0.489995
-0.463404   0.492632   -0.23926
0.0386867   0.103246   0.15414
-0.0359344   -0.192049   -0.138264
-0.498308   -0.413294   -0.21658
-0.229447   -0.461518   0.0553236
-0.438667   -0.444881   0.0912454
0.103192   -0.0533314   -0.157419
0.0141362   0.16229   0.440127
0.315649   0.254488   0.349431
-0.312663   -0.424626   -0.366954
-0.108571   0.192343   0.471938
-0.358807   0.3148   -0.168598
0.207061   -0.465226   -0.165681
-0.290396   -0.463177   0.250692
0.1046   -0.301316   0.320785
-0.343955   0.150051   -0.0578283
-0.475533   -0.276451   -0.1414
0.0223664   -0.13099   -0.0977416
0.369275   0.35626   0.0414922
-0.240604   0.0989455   -0.112951
0.0238371   0.202987   0.207255
-0.315121   0.215036   0.0781644
0.0470664   0.0132277   -0.495161
0.000591281   -0.199523   0.391286
0.0566146   0.456653   0.0422545
0.176799   0.166862   -0.151923
0.161613   0.0549747   0.0570922
0.439445   0.0958699   -0.167471
-0.45878   0.43906   0.00947564
0.119089   0.126465   0.372907
0.106976   -0.469656   -0.430194
0.0974954   0.23839   0.454646
-0.0318951   0.284844   -0.39605
-0.370048   0.474215   0.150536
0.23988   -0.219535   0.0662109
0.407481   -0.0384982   0.237426
-0.353347   -0.105956   -0.0285445
-0.207787   0.467072   -0.185261
-0.385822   -0.204889   0.35585
0.394434   0.345552   0.238805
-0.345083   0.455963   0.328853
-0.0265647   0.103379   0.315424
0.126827   -0.082086   -0.231293
-0.277352   -0.195831   -0.0740825
0.131013   0.0330633   0.357768
0.135056   -0.0433756   -0.00727876
-0.268178   0.428488   0.399515
0.312374   0.481836   -0.229305
-0.342972   -0.0675116   0.425498
0.24258   0.267322   0.378805
-0.132349   -0.127155   0.306465
-0.0501409   -0.0734743   -0.038881
-0.111248   -0.329514   -0.376332
-0.480599   0.136278   0.491968
-0.404321   0.475678   0.076275
