1.12303
1.20789
1.19257
1.17258
1.18461
1.16799
1.17192
1.16508
1.17315
1.17788
1.16721
1.15722
1.16649
1.16657
1.16101
1.13474
1.12631
1.15772
1.16221
1.15777
1.14338
1.15922
1.13852
1.16378
1.1591
1.16381
1.14186
1.17534
1.14942
1.15186
1.11975
1.16062
1.1701
1.16803
1.16518
1.15465
1.17278
1.17478
1.17982
1.18495
1.1928
1.18331
1.20722
1.18434
1.17696
1.20643
1.20606
1.19281
1.17183
1.18923
1.18951
1.21041
1.17144
1.21824
1.2286
1.2194
1.23311
1.25342
1.2172
1.24298
1.24847
1.25577
1.24056
1.22209
1.23228
1.25025
1.21334
1.23121
1.23555
1.2361
1.18964
1.20475
1.20677
1.20276
1.20382
1.17772
1.20013
1.18517
1.19351
1.20305
1.1994
1.19614
1.16946
1.18365
1.21378
1.20923
1.21421
1.20568
1.19586
1.18029
1.19639
1.1919
1.19693
1.19893
1.16867
1.20058
1.19763
1.19357
1.12446
1.203
1.20764
1.18774
1.19215
1.19836
1.20288
1.2029
1.18532
1.19675
1.21962
1.23344
1.22683
1.22349
1.22703
1.20949
1.23189
1.24894
1.2265
1.22889
1.22088
1.22157
1.2636
1.23368
1.21405
1.24097
1.22894
1.22642
1.20447
1.19674
1.20401
1.22377
1.18974
1.14249
1.19311
1.1878
1.17171
1.12928
1.17327
1.1892
1.19493
1.2054
1.21114
1.20896
1.21915
1.20752
1.25385
1.25109
1.22321
1.25686
1.25709
1.23264
1.22509
1.24635
1.24773
1.23623
1.23988
1.23348
1.24153
1.20875
1.24946
1.26727
1.2429
1.26609
1.26647
1.24681
1.25749
1.27183
1.24646
1.24752
1.23362
1.26815
1.25537
1.25708
1.25255
1.23731
1.23977
1.25506
1.25503
1.23076
1.25753
1.24829
1.21199
1.25388
1.23352
1.24191
1.23907
1.20534
1.20019
1.22026
1.19771
1.21427
1.17999
1.18455
1.19391
1.19066
1.1857
1.19672
1.19518
1.19492
1.19385
1.18683
1.18989
1.17861
1.19128
1.18394
1.1657
1.17729
1.15786
1.11968
1.17546
1.1747
1.172
1.15894
1.17784
1.18102
1.17844
1.17753
1.18952
1.18572
1.19232
1.2005
1.18232
1.193
1.20939
1.22311
1.20022
1.19383
1.20738
1.21844
1.23123
1.19642
1.18901
1.19893
1.19179
1.16924
1.1686
1.16745
1.16403
1.15906
1.14694
1.138
1.12862
1.12311
1.12076
1.12854
1.12119
1.12947
1.13444
1.11785
1.12254
1.13869
1.13562
1.16123
1.16503
1.13604
1.17343
1.17815
1.19011
1.18674
1.18112
1.18054
1.1819
1.19579
1.15712
1.18125
1.15895
1.17504
1.19818
1.18497
1.18005
1.20291
1.19633
1.21814
1.19864
1.205
1.23482
1.22729
1.21914
1.21549
1.22617
1.24741
1.19437
1.21845
1.19125
1.22213
1.21218
1.23122
1.21208
1.19635
1.18749
1.18747
1.19978
1.20825
1.20355
1.20686
1.21079
1.21054
1.21036
1.20829
1.20678
1.22334
1.21587
1.21703
1.22848
1.21669
1.17936
1.20698
1.21128
1.20283
1.18942
1.19702
1.19285
1.17739
1.19274
1.19881
1.18849
1.18397
1.2
1.20884
1.21763
1.2301
1.24489
1.25556
1.22751
1.24919
1.27285
1.26009
1.27361
1.26777
1.25723
1.25388
1.23858
1.24163
1.2413
1.24266
1.26473
1.25594
1.21614
1.18934
1.23872
1.24062
1.22931
1.24469
1.24994
1.25187
1.24892
1.24643
1.24809
1.25697
1.24302
1.25867
1.22587
1.20714
1.24664
1.22046
1.24556
1.23634
1.20228
1.22381
1.21972
1.21626
1.20827
1.20765
1.19064
1.19119
1.21643
1.15675
1.21128
1.23106
1.22672
1.23195
1.2333
1.22176
1.23517
1.21551
1.22934
1.22192
1.24894
1.22103
1.2363
1.24077
1.21414
1.22187
1.20531
1.19901
1.20387
1.20213
1.19695
1.1875
1.18187
1.16969
1.18731
1.19241
1.1957
1.20809
1.19495
1.19932
1.20313
1.19804
1.20649
1.19098
1.19444
1.18484
1.18985
1.20671
1.19703
1.18491
1.17825
1.18828
1.19718
1.17869
1.18748
1.1888
1.15983
1.17956
1.14518
1.16775
1.16672
1.14039
1.17327
1.16981
1.15002
1.16276
1.15392
1.16547
1.16192
1.16819
1.16943
1.12778
1.15948
1.16428
1.16621
1.16269
1.16751
1.17658
1.17292
1.16894
1.14921
1.14854
1.1626
1.15398
1.15444
1.16425
1.14914
1.14148
1.15465
1.12794
1.14052
1.1692
1.13786
1.17248
1.1669
1.17218
1.15166
1.19836
1.13725
1.17493
1.18513
1.18111
1.16199
1.17876
1.16745
1.14176
1.19225
1.19512
1.19468
1.18702
1.21003
1.20886
1.18798
1.21421
1.22265
1.20425
1.21356
1.19296
1.17473
1.19715
1.18907
1.16763
1.17902
1.18545
1.19277
1.18635
1.20048
1.21255
1.19056
1.21516
1.18282
1.22248
1.23444
1.21024
1.20822
1.19627
1.19836
1.21279
1.23209
1.22073
1.21053
1.23769
1.23053
1.23828
1.21784
1.20021
1.24703
1.22947
1.23121
1.22978
1.20361
1.21981
1.20102
1.20098
1.1941
1.20075
1.17923
1.18319
1.18861
1.19098
1.18774
1.20212
1.20948
1.20876
1.2053
1.21276
1.20588
1.23999
1.24094
1.23569
1.20376
1.24878
1.2274
1.2006
1.23308
1.2232
1.2029
1.20251
1.19697
1.18895
1.17154
1.1878
1.17802
1.16994
1.17943
1.19105
1.18895
1.19363
1.19384
1.18414
1.22607
1.23054
1.22835
1.25431
1.27387
1.24481
1.26385
1.28613
1.2701
1.25185
1.25789
1.25264
1.25338
1.23196
1.21754
1.23871
1.21218
1.20015
1.19232
1.20139
1.19341
1.19742
1.20388
1.20905
1.21384
1.23287
1.23605
1.19346
1.2208
1.23552
1.23881
1.19102
1.22964
1.20518
1.21648
1.20864
1.20619
1.21312
1.2168
1.21065
1.19411
1.23022
1.20704
1.1864
1.18843
1.2168
1.21669
1.2103
1.20382
1.20684
1.20494
1.2145
1.23116
1.21546
1.21824
1.25339
1.27821
1.19842
1.2314
1.25273
1.2185
1.2205
1.21882
1.21559
1.20994
1.20552
1.20531
1.20533
1.20694
1.21452
1.22268
1.23343
1.23326
1.23906
1.23222
1.24184
1.21212
1.24489
1.26438
1.24481
1.25808
1.23392
1.24053
1.24029
1.21834
1.2387
1.20945
1.21623
1.20483
1.22891
1.2288
1.22283
1.22151
1.23275
1.24642
1.24973
1.2505
1.26184
1.2425
1.23051
1.23972
1.23674
1.2261
1.19664
1.2038
1.19866
1.1998
1.21503
1.21718
1.19534
1.20151
1.21873
1.20888
1.24448
1.21503
1.20874
1.23021
1.19735
1.21538
1.21077
1.21554
1.21783
1.21955
1.19625
1.17682
1.22149
1.21523
1.20949
1.21143
1.20757
1.19413
1.20135
1.18441
1.21368
1.20711
1.17436
1.19704
1.19181
1.19273
1.18895
1.19244
1.19628
1.19256
1.20125
1.20344
1.22755
1.22061
1.20406
1.20576
1.19947
1.21951
1.21119
1.18955
1.19647
1.18589
1.19343
1.19646
1.1947
1.2152
1.2156
1.2209
1.20073
1.19832
1.21092
1.21152
1.17149
1.21476
1.22005
1.20417
1.20092
1.19217
1.2019
1.19154
1.20024
1.20598
1.20852
1.18666
1.21009
1.21526
1.18367
1.19521
1.20696
1.20084
1.20601
1.18216
1.18226
1.17865
1.18745
1.18174
1.17322
1.18058
1.19235
1.18821
1.20307
1.20088
1.22754
1.19566
1.21685
1.21448
1.20173
1.2066
1.19404
1.18038
1.21287
1.19897
1.20535
1.22466
1.23697
1.19157
1.24595
1.25359
1.24219
1.24351
1.25144
1.2636
1.27778
1.28116
1.26408
1.25754
1.25324
1.24961
1.26014
1.25498
1.24262
1.21467
1.20582
1.22639
1.20567
1.20724
1.19815
1.19309
1.21436
1.2008
1.18855
1.19725
1.20972
1.20495
1.19434
1.20437
1.20591
1.19272
1.19593
1.18812
1.17174
1.17255
1.16451
1.1777
1.18255
1.15222
1.16276
1.16519
1.15733
1.16466
1.16449
1.16617
1.16122
1.18079
1.18199
1.17299
1.1841
1.1826
1.20817
1.1898
1.21268
1.19359
1.19731
1.19726
1.21474
1.19046
1.17729
1.17711
1.17822
1.16022
1.14263
1.16988
1.16093
1.16015
1.17348
1.19401
1.19056
1.20066
1.18894
1.22285
1.21036
1.22826
1.22356
1.15835
1.2216
1.21075
1.21254
1.20896
1.20837
1.18837
1.18629
1.17761
1.18879
1.17644
1.17123
1.17499
1.1548
1.15995
1.17264
1.16837
1.16748
1.16877
1.17212
1.18343
1.18233
1.18216
1.17628
1.19212
1.18992
1.17723
1.20923
1.21448
1.21451
1.20625
1.1956
1.2095
1.20004
1.22893
1.23111
1.20686
1.22541
1.20541
1.21524
1.2309
1.21212
1.22025
1.21901
1.22528
1.23018
1.20681
1.25277
1.23264
1.22754
1.23235
1.24315
1.25086
1.22132
1.21215
1.23805
1.23332
1.22894
1.22875
1.23725
1.24152
1.22211
1.21783
1.21142
1.24245
1.22929
1.23659
1.22949
1.24241
1.20275
1.21624
1.25831
1.25336
1.24835
1.23983
1.23258
1.24511
1.23839
1.22579
1.23363
1.20522
1.19612
1.19635
1.20523
1.19689
1.19636
1.19566
1.17993
1.19583
1.20855
1.20739
1.21663
1.21099
1.19227
1.20722
1.18861
1.1985
1.21481
1.1918
1.18552
1.20649
1.19225
1.18213
1.17525
1.19602
1.18943
1.17763
1.19857
1.20465
1.21569
1.23141
1.20064
1.21142
1.20567
1.21219
1.21478
1.20013
1.19502
1.19203
1.16983
1.18651
1.20679
1.18256
1.19225
1.20261
1.18012
1.18884
1.18088
1.17053
1.18791
1.17168
1.18116
1.18152
1.18672
1.16845
1.19921
1.20534
1.16707
1.16927
1.20825
1.19122
1.19594
1.21249
1.20386
1.21916
1.2071
1.20891
1.21709
1.21909
1.21893
1.21812
1.20728
1.21757
1.22098
1.22122
1.20932
1.21302
1.23996
1.24743
1.24
1.23591
1.2211
1.24137
1.24183
1.24106
1.24076
1.24978
1.25886
