-0.289268
-0.41658
-0.39354
-0.36354
-0.381519
-0.356547
-0.362542
-0.35224
-0.364372
-0.371448
-0.355446
-0.340391
-0.354306
-0.354384
-0.346095
-0.306634
-0.293937
-0.341144
-0.347809
-0.341156
-0.319509
-0.343418
-0.312293
-0.350311
-0.343113
-0.350273
-0.317161
-0.36754
-0.328499
-0.332314
-0.283976
-0.345434
-0.359578
-0.35648
-0.352205
-0.33636
-0.363665
-0.366637
-0.374109
-0.381794
-0.39364
-0.379294
-0.415405
-0.381036
-0.369889
-0.414138
-0.413507
-0.393645
-0.362119
-0.388402
-0.388684
-0.420157
-0.361426
-0.431877
-0.447363
-0.433527
-0.454162
-0.484703
-0.430146
-0.469049
-0.477177
-0.488151
-0.465364
-0.43762
-0.4529
-0.479964
-0.424524
-0.451459
-0.457799
-0.4588
-0.389047
-0.411766
-0.414671
-0.408642
-0.410275
-0.370981
-0.404808
-0.382223
-0.39476
-0.409097
-0.403612
-0.398721
-0.358919
-0.3802
-0.425313
-0.418425
-0.425951
-0.413163
-0.398484
-0.37502
-0.399218
-0.392394
-0.399961
-0.403
-0.357421
-0.405479
-0.400951
-0.395064
-0.290946
-0.409193
-0.416036
-0.386087
-0.392736
-0.402031
-0.408793
-0.408983
-0.38251
-0.399601
-0.433976
-0.454691
-0.444783
-0.439756
-0.445179
-0.418744
-0.452346
-0.477977
-0.444237
-0.447987
-0.435988
-0.436912
-0.50006
-0.455106
-0.425606
-0.466166
-0.448057
-0.444288
-0.411339
-0.39978
-0.410658
-0.440354
-0.389335
-0.318181
-0.394347
-0.386314
-0.362337
-0.298506
-0.364578
-0.388473
-0.397041
-0.412756
-0.421362
-0.418037
-0.43356
-0.415988
-0.485492
-0.481353
-0.439371
-0.490003
-0.490322
-0.453606
-0.442343
-0.474244
-0.476298
-0.458983
-0.464486
-0.45481
-0.466982
-0.417623
-0.478894
-0.505611
-0.468902
-0.503908
-0.504418
-0.475058
-0.491104
-0.512404
-0.474277
-0.475961
-0.454944
-0.506924
-0.487745
-0.49033
-0.483513
-0.460704
-0.464341
-0.487329
-0.487317
-0.450823
-0.49115
-0.477144
-0.422624
-0.485658
-0.454908
-0.467451
-0.463239
-0.412627
-0.404939
-0.435078
-0.40104
-0.426139
-0.374544
-0.381444
-0.395514
-0.390709
-0.383213
-0.399686
-0.397376
-0.396999
-0.395392
-0.384816
-0.389406
-0.372413
-0.391497
-0.380444
-0.353111
-0.370588
-0.34137
-0.283802
-0.367775
-0.366576
-0.362552
-0.342914
-0.371367
-0.376088
-0.372251
-0.370895
-0.388851
-0.383097
-0.392984
-0.405234
-0.377882
-0.394028
-0.418553
-0.43916
-0.404804
-0.395294
-0.415616
-0.432152
-0.451465
-0.399119
-0.38808
-0.402953
-0.392252
-0.358357
-0.357544
-0.355793
-0.350543
-0.343107
-0.324906
-0.311499
-0.297427
-0.289166
-0.285612
-0.297321
-0.286281
-0.298764
-0.306263
-0.28135
-0.288321
-0.312871
-0.308128
-0.346355
-0.352125
-0.308446
-0.364806
-0.371794
-0.389705
-0.38463
-0.376222
-0.375458
-0.37743
-0.398279
-0.340034
-0.376456
-0.342947
-0.367208
-0.401884
-0.382071
-0.374647
-0.408939
-0.398992
-0.431832
-0.402484
-0.412047
-0.456872
-0.445504
-0.433267
-0.427847
-0.443895
-0.475915
-0.396183
-0.432525
-0.391695
-0.438123
-0.422715
-0.451538
-0.422734
-0.399177
-0.385882
-0.385817
-0.404338
-0.417026
-0.40996
-0.414999
-0.420874
-0.420414
-0.420203
-0.417132
-0.414787
-0.439612
-0.428342
-0.430099
-0.447297
-0.429692
-0.373617
-0.415118
-0.421489
-0.408872
-0.388718
-0.400118
-0.393823
-0.370633
-0.393732
-0.402744
-0.387339
-0.380557
-0.404529
-0.41777
-0.430945
-0.449672
-0.471859
-0.488098
-0.446003
-0.478362
-0.513901
-0.494672
-0.515009
-0.506204
-0.490425
-0.485489
-0.462645
-0.467271
-0.466595
-0.468639
-0.501647
-0.488503
-0.428844
-0.388566
-0.462725
-0.465492
-0.448441
-0.47159
-0.479451
-0.482379
-0.47798
-0.474279
-0.476752
-0.490097
-0.469149
-0.492757
-0.443397
-0.415366
-0.474735
-0.43524
-0.47302
-0.459191
-0.407978
-0.440421
-0.43425
-0.429053
-0.41705
-0.416235
-0.390637
-0.391353
-0.429436
-0.339572
-0.421716
-0.451256
-0.444695
-0.452706
-0.454801
-0.437202
-0.457609
-0.427937
-0.448751
-0.437529
-0.478131
-0.436046
-0.459079
-0.465768
-0.425708
-0.437462
-0.412548
-0.403031
-0.410348
-0.407717
-0.399929
-0.38577
-0.377301
-0.358954
-0.385512
-0.393094
-0.398057
-0.416607
-0.397101
-0.403667
-0.409254
-0.401507
-0.414256
-0.390955
-0.396173
-0.381727
-0.389205
-0.41461
-0.400051
-0.381874
-0.371938
-0.386942
-0.400269
-0.372504
-0.385731
-0.387705
-0.34406
-0.373883
-0.322129
-0.356156
-0.354583
-0.314946
-0.364435
-0.359241
-0.329513
-0.348702
-0.335315
-0.352734
-0.347383
-0.356798
-0.358742
-0.296012
-0.343764
-0.350933
-0.353801
-0.348548
-0.355788
-0.369376
-0.363867
-0.357896
-0.328426
-0.327387
-0.348415
-0.335474
-0.33617
-0.350878
-0.328206
-0.316682
-0.33657
-0.29646
-0.315315
-0.358386
-0.311099
-0.363241
-0.354829
-0.362827
-0.331765
-0.402216
-0.3102
-0.366962
-0.382155
-0.376126
-0.347398
-0.3727
-0.355777
-0.317053
-0.392928
-0.397168
-0.396563
-0.385034
-0.41966
-0.417918
-0.386425
-0.425831
-0.438598
-0.410828
-0.424872
-0.393971
-0.366568
-0.400318
-0.388143
-0.3559
-0.373053
-0.382654
-0.393608
-0.383943
-0.405177
-0.423303
-0.390258
-0.427342
-0.378553
-0.43824
-0.456112
-0.419758
-0.416757
-0.398787
-0.401924
-0.42352
-0.452526
-0.435539
-0.420177
-0.461173
-0.450397
-0.462115
-0.431254
-0.404747
-0.475072
-0.448611
-0.451217
-0.449201
-0.409845
-0.434225
-0.405956
-0.405911
-0.395578
-0.405627
-0.373334
-0.379309
-0.387364
-0.390906
-0.386038
-0.407623
-0.418642
-0.417574
-0.412373
-0.423599
-0.413279
-0.464573
-0.465861
-0.458034
-0.409968
-0.477765
-0.445918
-0.405614
-0.454108
-0.439291
-0.408796
-0.408229
-0.399915
-0.387934
-0.361721
-0.386247
-0.371576
-0.35954
-0.373782
-0.391158
-0.387971
-0.395038
-0.395341
-0.380585
-0.443731
-0.450389
-0.447017
-0.485967
-0.515358
-0.471702
-0.50037
-0.53372
-0.509726
-0.482463
-0.491577
-0.483501
-0.484625
-0.452553
-0.430811
-0.462585
-0.422736
-0.40476
-0.392932
-0.406581
-0.394547
-0.400575
-0.410214
-0.418063
-0.425218
-0.453672
-0.458691
-0.394564
-0.435547
-0.4577
-0.462608
-0.390509
-0.448882
-0.412044
-0.429086
-0.41729
-0.41364
-0.424097
-0.429616
-0.420432
-0.395495
-0.449888
-0.415012
-0.384085
-0.387103
-0.429666
-0.429478
-0.419868
-0.410189
-0.414745
-0.411886
-0.426277
-0.451329
-0.427612
-0.432096
-0.484827
-0.521993
-0.402107
-0.45165
-0.483702
-0.432282
-0.435385
-0.432779
-0.427889
-0.419404
-0.412748
-0.412445
-0.412501
-0.414941
-0.426391
-0.438558
-0.454631
-0.454344
-0.463127
-0.452814
-0.467292
-0.422519
-0.471832
-0.501107
-0.471607
-0.491696
-0.455427
-0.465388
-0.464937
-0.43202
-0.462668
-0.418521
-0.42888
-0.411668
-0.447872
-0.447763
-0.4388
-0.436758
-0.453673
-0.474151
-0.479074
-0.480211
-0.497244
-0.468226
-0.450222
-0.464021
-0.459526
-0.443647
-0.399342
-0.410143
-0.402466
-0.404151
-0.426966
-0.430216
-0.397388
-0.406732
-0.432579
-0.417645
-0.471268
-0.427189
-0.417686
-0.449905
-0.400414
-0.427599
-0.420634
-0.427829
-0.431229
-0.433855
-0.398867
-0.369455
-0.436738
-0.427313
-0.418675
-0.421623
-0.415949
-0.395684
-0.406427
-0.380988
-0.425035
-0.415234
-0.365946
-0.400109
-0.392217
-0.393547
-0.387809
-0.393091
-0.39891
-0.39328
-0.406347
-0.409593
-0.445836
-0.435424
-0.410575
-0.413243
-0.403683
-0.433784
-0.421295
-0.388716
-0.399228
-0.383261
-0.394661
-0.399172
-0.396447
-0.427281
-0.427836
-0.435858
-0.40556
-0.402095
-0.420936
-0.421732
-0.36152
-0.426659
-0.434507
-0.410677
-0.405875
-0.392682
-0.407335
-0.391733
-0.404761
-0.413376
-0.417229
-0.384325
-0.419631
-0.42737
-0.379943
-0.397375
-0.414938
-0.405677
-0.413444
-0.377599
-0.377832
-0.372332
-0.385585
-0.377019
-0.364255
-0.375349
-0.393014
-0.386782
-0.409117
-0.405833
-0.44601
-0.397951
-0.429877
-0.426301
-0.407148
-0.414437
-0.39576
-0.37519
-0.4239
-0.402889
-0.412626
-0.441586
-0.460098
-0.391707
-0.473515
-0.485057
-0.467929
-0.469743
-0.481763
-0.500018
-0.521244
-0.526353
-0.500733
-0.490955
-0.484545
-0.479061
-0.494907
-0.487187
-0.468663
-0.426725
-0.413433
-0.444436
-0.413301
-0.415708
-0.401985
-0.394358
-0.426326
-0.405947
-0.387539
-0.400596
-0.419343
-0.412156
-0.396213
-0.411314
-0.413584
-0.393869
-0.398702
-0.386911
-0.362304
-0.363573
-0.351505
-0.371271
-0.378542
-0.332989
-0.348877
-0.352439
-0.340619
-0.351664
-0.35133
-0.353873
-0.346401
-0.375852
-0.377589
-0.364038
-0.380796
-0.378412
-0.416937
-0.38922
-0.423693
-0.394961
-0.400571
-0.400442
-0.426739
-0.390257
-0.370533
-0.37022
-0.371888
-0.344836
-0.318326
-0.359356
-0.345843
-0.344725
-0.364702
-0.395538
-0.39025
-0.405589
-0.38791
-0.438844
-0.419908
-0.446916
-0.439922
-0.341845
-0.43702
-0.4206
-0.423314
-0.417816
-0.416989
-0.386911
-0.383885
-0.37078
-0.387638
-0.369088
-0.361288
-0.366949
-0.336644
-0.344387
-0.363405
-0.35701
-0.35565
-0.357762
-0.362769
-0.379588
-0.377973
-0.377712
-0.36897
-0.392776
-0.389469
-0.370351
-0.418381
-0.426233
-0.426281
-0.413898
-0.397954
-0.418885
-0.404559
-0.448003
-0.451206
-0.414748
-0.442776
-0.412655
-0.427425
-0.450946
-0.422649
-0.434953
-0.433063
-0.442527
-0.449905
-0.414737
-0.48389
-0.453491
-0.445883
-0.453186
-0.46939
-0.480965
-0.436709
-0.422962
-0.461675
-0.454538
-0.447976
-0.447667
-0.460443
-0.466867
-0.437827
-0.431518
-0.421656
-0.468335
-0.448515
-0.459517
-0.448739
-0.468332
-0.408701
-0.428948
-0.492138
-0.484617
-0.477173
-0.464399
-0.453432
-0.472288
-0.462169
-0.443234
-0.455062
-0.412423
-0.39878
-0.399132
-0.412476
-0.399868
-0.3991
-0.398091
-0.374443
-0.398359
-0.417441
-0.415639
-0.429545
-0.421075
-0.392943
-0.415457
-0.387537
-0.402379
-0.426779
-0.392255
-0.382821
-0.414321
-0.392861
-0.377762
-0.36741
-0.398647
-0.388773
-0.370989
-0.402405
-0.411653
-0.428205
-0.451729
-0.405471
-0.421744
-0.413051
-0.422873
-0.426722
-0.404844
-0.397155
-0.392624
-0.359419
-0.384433
-0.414775
-0.378401
-0.392953
-0.408498
-0.374645
-0.387787
-0.375855
-0.360248
-0.386407
-0.362014
-0.376315
-0.376764
-0.384732
-0.357251
-0.40343
-0.412606
-0.355177
-0.358507
-0.416951
-0.391353
-0.398453
-0.423294
-0.410349
-0.433378
-0.415317
-0.418039
-0.430199
-0.433254
-0.432943
-0.431923
-0.415653
-0.431092
-0.436246
-0.436519
-0.418559
-0.424134
-0.464588
-0.475785
-0.464645
-0.45864
-0.436393
-0.466815
-0.467501
-0.466281
-0.465836
-0.479337
-0.49305
