1.68455
1.81183
1.78885
1.75887
1.77691
1.75198
1.75788
1.74762
1.75972
1.76682
1.75081
1.73584
1.74974
1.74985
1.74151
1.70211
1.68946
1.73658
1.74331
1.73665
1.71508
1.73883
1.70778
1.74567
1.73865
1.74571
1.71279
1.76301
1.72413
1.72779
1.67963
1.74092
1.75514
1.75204
1.74776
1.73198
1.75917
1.76216
1.76973
1.77742
1.7892
1.77496
1.81083
1.7765
1.76544
1.80965
1.80909
1.78922
1.75775
1.78384
1.78426
1.81562
1.75716
1.82736
1.84291
1.8291
1.84967
1.88013
1.8258
1.86447
1.87271
1.88366
1.86084
1.83314
1.84843
1.87537
1.82
1.84682
1.85333
1.85415
1.78446
1.80713
1.81015
1.80414
1.80573
1.76657
1.80019
1.77776
1.79026
1.80457
1.79911
1.79422
1.75419
1.77547
1.82068
1.81385
1.82132
1.80851
1.79379
1.77043
1.79458
1.78785
1.79539
1.7984
1.75301
1.80087
1.79644
1.79035
1.68669
1.8045
1.81146
1.78161
1.78822
1.79754
1.80432
1.80435
1.77798
1.79513
1.82944
1.85016
1.84024
1.83523
1.84054
1.81424
1.84784
1.87341
1.83975
1.84334
1.83132
1.83235
1.89541
1.85051
1.82107
1.86146
1.84341
1.83963
1.8067
1.7951
1.80602
1.83566
1.78461
1.71373
1.78967
1.7817
1.75756
1.69391
1.7599
1.7838
1.79239
1.80811
1.81671
1.81344
1.82872
1.81129
1.88077
1.87663
1.83481
1.88529
1.88564
1.84896
1.83763
1.86952
1.87159
1.85434
1.85982
1.85021
1.86229
1.81312
1.87419
1.9009
1.86434
1.89913
1.8997
1.87022
1.88623
1.90774
1.86969
1.87128
1.85043
1.90222
1.88306
1.88562
1.87883
1.85596
1.85966
1.88258
1.88254
1.84614
1.88629
1.87243
1.81799
1.88082
1.85029
1.86286
1.8586
1.80801
1.80029
1.83039
1.79656
1.82141
1.76998
1.77682
1.79086
1.786
1.77856
1.79509
1.79277
1.79238
1.79077
1.78025
1.78483
1.76791
1.78692
1.77591
1.74854
1.76593
1.7368
1.67952
1.76319
1.76205
1.758
1.73842
1.76677
1.77153
1.76767
1.7663
1.78428
1.77858
1.78848
1.80075
1.77348
1.78951
1.81409
1.83466
1.80033
1.79074
1.81106
1.82766
1.84684
1.79464
1.78351
1.7984
1.78768
1.75386
1.75289
1.75118
1.74604
1.73859
1.7204
1.70701
1.69293
1.68466
1.68114
1.69281
1.68178
1.69421
1.70166
1.67677
1.68382
1.70803
1.70344
1.74184
1.74754
1.70406
1.76015
1.76722
1.78517
1.78011
1.77168
1.77081
1.77285
1.79369
1.73568
1.77187
1.73843
1.76257
1.79726
1.77745
1.77008
1.80436
1.7945
1.82722
1.79797
1.8075
1.85222
1.84093
1.8287
1.82324
1.83926
1.87112
1.79156
1.82768
1.78688
1.8332
1.81828
1.84684
1.81811
1.79452
1.78123
1.7812
1.79967
1.81237
1.80533
1.81029
1.81619
1.81581
1.81554
1.81244
1.81016
1.83501
1.8238
1.82555
1.84272
1.82503
1.76905
1.81047
1.81692
1.80425
1.78414
1.79552
1.78928
1.76608
1.78911
1.79821
1.78274
1.77595
1.8
1.81325
1.82644
1.84515
1.86733
1.88335
1.84126
1.87379
1.90928
1.89014
1.91042
1.90165
1.88585
1.88081
1.85787
1.86245
1.86195
1.86399
1.89709
1.88391
1.82421
1.78401
1.85808
1.86094
1.84397
1.86703
1.87492
1.87781
1.87338
1.86964
1.87213
1.88545
1.86453
1.888
1.8388
1.81071
1.86996
1.83069
1.86835
1.85451
1.80343
1.83572
1.82958
1.82439
1.81241
1.81147
1.78596
1.78679
1.82465
1.73513
1.81692
1.84659
1.84008
1.84792
1.84996
1.83263
1.85276
1.82326
1.844
1.83288
1.87341
1.83155
1.85446
1.86116
1.82121
1.83281
1.80796
1.79851
1.8058
1.80319
1.79542
1.78125
1.7728
1.75453
1.78097
1.78862
1.79355
1.81213
1.79243
1.79898
1.8047
1.79706
1.80973
1.78647
1.79167
1.77725
1.78477
1.81007
1.79554
1.77737
1.76738
1.78242
1.79577
1.76803
1.78122
1.78321
1.73974
1.76934
1.71777
1.75163
1.75009
1.71059
1.7599
1.75471
1.72502
1.74413
1.73087
1.74821
1.74288
1.75229
1.75415
1.69168
1.73922
1.74642
1.74931
1.74404
1.75127
1.76487
1.75939
1.75341
1.72382
1.72282
1.74391
1.73097
1.73166
1.74637
1.72371
1.71222
1.73197
1.6919
1.71079
1.7538
1.7068
1.75872
1.75035
1.75827
1.72748
1.79754
1.70587
1.76239
1.77769
1.77166
1.74298
1.76814
1.75117
1.71264
1.78838
1.79267
1.79203
1.78053
1.81505
1.81329
1.78198
1.82131
1.83398
1.80638
1.82035
1.78944
1.7621
1.79573
1.78361
1.75145
1.76853
1.77818
1.78915
1.77952
1.80072
1.81882
1.78584
1.82273
1.77422
1.83372
1.85166
1.81536
1.81233
1.79441
1.79754
1.81919
1.84813
1.83109
1.81579
1.85653
1.84579
1.85742
1.82676
1.80031
1.87055
1.8442
1.84682
1.84467
1.80542
1.82971
1.80153
1.80147
1.79115
1.80112
1.76884
1.77479
1.78292
1.78646
1.78162
1.80318
1.81422
1.81313
1.80795
1.81913
1.80883
1.85999
1.86141
1.85353
1.80564
1.87316
1.84109
1.80089
1.84963
1.8348
1.80435
1.80376
1.79545
1.78342
1.7573
1.7817
1.76703
1.75491
1.76914
1.78657
1.78342
1.79045
1.79076
1.77621
1.83911
1.84581
1.84252
1.88147
1.9108
1.86721
1.89578
1.92919
1.90515
1.87777
1.88683
1.87896
1.88007
1.84794
1.82631
1.85807
1.81827
1.80022
1.78847
1.80209
1.79011
1.79613
1.80581
1.81357
1.82075
1.8493
1.85407
1.7902
1.8312
1.85328
1.85821
1.78652
1.84446
1.80776
1.82471
1.81296
1.80929
1.81968
1.8252
1.81598
1.79116
1.84533
1.81056
1.7796
1.78264
1.82519
1.82503
1.81545
1.80573
1.81027
1.80741
1.82175
1.84675
1.8232
1.82736
1.88008
1.91731
1.79762
1.8471
1.8791
1.82775
1.83075
1.82824
1.82338
1.81491
1.80828
1.80796
1.80799
1.81041
1.82178
1.83403
1.85014
1.84989
1.8586
1.84834
1.86276
1.81817
1.86733
1.89656
1.86721
1.88713
1.85088
1.8608
1.86044
1.82751
1.85804
1.81418
1.82434
1.80724
1.84336
1.8432
1.83425
1.83227
1.84913
1.86963
1.87459
1.87575
1.89276
1.86374
1.84577
1.85958
1.8551
1.83915
1.79496
1.8057
1.79799
1.7997
1.82254
1.82577
1.793
1.80227
1.8281
1.81332
1.86672
1.82255
1.81311
1.84532
1.79602
1.82307
1.81616
1.82331
1.82675
1.82932
1.79438
1.76523
1.83223
1.82284
1.81423
1.81715
1.81135
1.7912
1.80203
1.77661
1.82051
1.81067
1.76154
1.79556
1.78771
1.78909
1.78343
1.78866
1.79442
1.78884
1.80187
1.80515
1.84133
1.83092
1.80609
1.80865
1.79921
1.82927
1.81678
1.78432
1.79471
1.77883
1.79015
1.79469
1.79205
1.8228
1.8234
1.83136
1.8011
1.79748
1.81639
1.81728
1.75724
1.82215
1.83008
1.80626
1.80138
1.78825
1.80285
1.78731
1.80036
1.80897
1.81278
1.77999
1.81514
1.8229
1.77551
1.79282
1.81044
1.80126
1.80901
1.77324
1.77339
1.76797
1.78118
1.77261
1.75983
1.77087
1.78853
1.78231
1.8046
1.80132
1.84131
1.79348
1.82527
1.82172
1.8026
1.80989
1.79107
1.77058
1.81931
1.79846
1.80803
1.83699
1.85546
1.78736
1.86892
1.88038
1.86328
1.86526
1.87716
1.8954
1.91667
1.92175
1.89612
1.88631
1.87986
1.87442
1.89022
1.88248
1.86393
1.82201
1.80872
1.83958
1.8085
1.81086
1.79722
1.78964
1.82154
1.80119
1.78282
1.79588
1.81457
1.80742
1.79152
1.80655
1.80886
1.78909
1.7939
1.78217
1.75761
1.75883
1.74677
1.76655
1.77383
1.72834
1.74415
1.74778
1.73599
1.74699
1.74673
1.74925
1.74183
1.77119
1.77299
1.75948
1.77616
1.77389
1.81225
1.78471
1.81902
1.79039
1.79596
1.79589
1.82211
1.78569
1.76594
1.76567
1.76733
1.74033
1.71394
1.75482
1.74139
1.74022
1.76022
1.79102
1.78584
1.80099
1.78341
1.83427
1.81553
1.8424
1.83533
1.73753
1.8324
1.81612
1.81881
1.81345
1.81256
1.78256
1.77944
1.76641
1.78319
1.76466
1.75685
1.76249
1.73221
1.73993
1.75895
1.75255
1.75121
1.75316
1.75818
1.77515
1.77349
1.77323
1.76442
1.78818
1.78488
1.76584
1.81384
1.82172
1.82176
1.80938
1.7934
1.81426
1.80006
1.84339
1.84667
1.81029
1.83811
1.80812
1.82286
1.84635
1.81818
1.83037
1.82851
1.83793
1.84526
1.81022
1.87915
1.84897
1.84131
1.84852
1.86473
1.87629
1.83198
1.81822
1.85708
1.84998
1.84341
1.84312
1.85588
1.86229
1.83316
1.82674
1.81712
1.86368
1.84393
1.85489
1.84423
1.86362
1.80412
1.82436
1.88747
1.88003
1.87252
1.85975
1.84886
1.86766
1.85759
1.83869
1.85044
1.80783
1.79418
1.79452
1.80784
1.79534
1.79454
1.79349
1.76989
1.79375
1.81283
1.81108
1.82494
1.81648
1.78841
1.81084
1.78292
1.79775
1.82222
1.7877
1.77828
1.80974
1.78838
1.77319
1.76288
1.79403
1.78414
1.76644
1.79785
1.80698
1.82354
1.84712
1.80096
1.81713
1.8085
1.81828
1.82217
1.80019
1.79253
1.78805
1.75475
1.77976
1.81018
1.77384
1.78838
1.80392
1.77018
1.78326
1.77131
1.75579
1.78187
1.75753
1.77175
1.77229
1.78008
1.75267
1.79882
1.80801
1.75061
1.75391
1.81238
1.78684
1.79391
1.81874
1.80579
1.82874
1.81066
1.81337
1.82564
1.82864
1.82839
1.82718
1.81093
1.82636
1.83147
1.83183
1.81397
1.81954
1.85993
1.87114
1.86
1.85387
1.83164
1.86205
1.86274
1.86158
1.86113
1.87467
1.88829
