1.39528
1.39525
1.39532
1.39533
1.39539
1.39543
1.39534
1.39538
1.39535
1.39537
1.39537
1.39544
1.39543
1.39547
1.39542
1.39547
1.39553
1.39543
1.3955
1.39549
1.39557
1.39541
1.39549
1.39536
1.39554
1.39544
1.39563
1.39547
1.39563
1.39548
1.39566
1.39549
1.39557
1.39556
1.39556
1.39562
1.3955
1.39553
1.39562
1.39563
1.39556
1.39567
1.39543
1.39547
1.39555
1.39551
1.39558
1.39557
1.39563
1.39544
1.39557
1.39546
1.39573
1.39548
1.39554
1.39557
1.39551
1.39543
1.39566
1.39543
1.39553
1.39551
1.39547
1.39552
1.39553
1.3954
1.39548
1.39536
1.39553
1.39535
1.39541
1.39536
1.39548
1.3955
1.39545
1.39559
1.39539
1.39554
1.3955
1.39547
1.39549
1.3955
1.39527
1.39527
1.39536
1.39543
1.39537
1.39535
1.3953
1.39541
1.39536
1.39546
1.39543
1.3954
1.39559
1.3954
1.39549
1.39528
1.39574
1.39531
1.39542
1.39553
1.39549
1.39551
1.39553
1.39537
1.39547
1.39553
1.39546
1.39547
1.39546
1.39547
1.39536
1.39549
1.3955
1.39544
1.39552
1.39535
1.39533
1.39544
1.39535
1.39541
1.39546
1.39529
1.39536
1.39534
1.39536
1.39532
1.39536
1.3953
1.39527
1.39555
1.39532
1.39538
1.39522
1.39541
1.39532
1.39533
1.39535
1.39535
1.39535
1.39541
1.39516
1.3953
1.39528
1.39528
1.39544
1.39529
1.39531
1.39535
1.39529
1.39528
1.39529
1.39536
1.39534
1.3954
1.39531
1.3955
1.39529
1.39529
1.39544
1.39522
1.39529
1.39516
1.39513
1.39534
1.39541
1.39532
1.39549
1.3953
1.39532
1.39529
1.39531
1.39526
1.39532
1.39525
1.39523
1.39532
1.39514
1.39529
1.39537
1.39516
1.39538
1.39541
1.39536
1.39538
1.39535
1.39531
1.39552
1.39527
1.39544
1.39537
1.39535
1.39529
1.39534
1.3954
1.39539
1.39538
1.39538
1.39544
1.39543
1.3955
1.39543
1.39547
1.39543
1.39534
1.39543
1.39572
1.39542
1.39547
1.39545
1.3955
1.3954
1.39544
1.39541
1.3954
1.39543
1.39548
1.3955
1.39551
1.39559
1.39548
1.39554
1.3955
1.39553
1.39545
1.39545
1.39551
1.39538
1.39552
1.39543
1.39545
1.39543
1.3955
1.39535
1.39539
1.3955
1.39549
1.3955
1.39551
1.39551
1.39549
1.39552
1.39549
1.3955
1.39545
1.3954
1.39542
1.39549
1.39516
1.39531
1.39548
1.39542
1.39561
1.39534
1.39543
1.39546
1.39548
1.39546
1.39535
1.39542
1.39541
1.39565
1.39542
1.39549
1.39536
1.39538
1.39538
1.39543
1.39542
1.39551
1.39538
1.39548
1.39545
1.39535
1.39543
1.39544
1.39539
1.39536
1.3952
1.39538
1.39516
1.39519
1.39507
1.39556
1.3953
1.39538
1.39535
1.39535
1.39538
1.39533
1.39534
1.39537
1.39529
1.39532
1.39539
1.39534
1.39531
1.39538
1.3954
1.39546
1.39545
1.39542
1.39534
1.39543
1.39535
1.39543
1.39537
1.39542
1.3954
1.39546
1.39545
1.39538
1.39547
1.3954
1.39539
1.39547
1.39548
1.3955
1.39547
1.39547
1.39525
1.39525
1.39543
1.39537
1.39547
1.39541
1.39544
1.39543
1.39532
1.39523
1.39518
1.39536
1.39536
1.39544
1.39541
1.39537
1.39544
1.39535
1.39544
1.39553
1.39544
1.39546
1.39543
1.39539
1.39536
1.39538
1.39535
1.39538
1.39525
1.3954
1.39534
1.39523
1.39545
1.39533
1.39532
1.39545
1.3953
1.39533
1.39534
1.39535
1.39524
1.39532
1.39543
1.39521
1.39556
1.39521
1.39534
1.39538
1.39521
1.39516
1.39543
1.39515
1.39533
1.39525
1.39535
1.39528
1.3955
1.39538
1.39539
1.3955
1.39535
1.39541
1.39548
1.39546
1.39547
1.39549
1.39548
1.3955
1.39558
1.39545
1.39552
1.39549
1.39552
1.39533
1.39531
1.39545
1.39555
1.39547
1.39552
1.39549
1.39553
1.39557
1.39546
1.39549
1.3955
1.39544
1.39548
1.3955
1.39553
1.39549
1.3955
1.39568
1.39545
1.39564
1.39547
1.3955
1.39565
1.39547
1.39547
1.39551
1.39543
1.39556
1.39548
1.3955
1.39549
1.3954
1.39567
1.39546
1.39549
1.39551
1.39549
1.39548
1.3955
1.39552
1.39552
1.39539
1.39543
1.39549
1.3955
1.39549
1.39549
1.3955
1.39553
1.3954
1.39544
1.39547
1.39542
1.3957
1.39548
1.39552
1.39544
1.39572
1.39533
1.39567
1.39543
1.39554
1.39553
1.39559
1.39544
1.39539
1.39558
1.39545
1.3955
1.39546
1.3955
1.39539
1.39537
1.39555
1.39548
1.39538
1.39555
1.39547
1.39547
1.39553
1.39541
1.39547
1.39555
1.39548
1.39553
1.39554
1.39558
1.39554
1.39552
1.39559
1.39539
1.39567
1.39548
1.39555
1.39561
1.39557
1.39562
1.39561
1.39567
1.39561
1.39555
1.39562
1.39536
1.39539
1.3953
1.39551
1.39557
1.39548
1.39559
1.3956
1.39547
1.39557
1.39549
1.39557
1.39556
1.39558
1.39549
1.39551
1.39548
1.39556
1.39556
1.39558
1.39556
1.39557
1.39556
1.39558
1.39553
1.39555
1.39541
1.39555
1.3955
1.39567
1.3954
1.39518
1.39528
1.39552
1.39551
1.39556
1.39553
1.39554
1.39548
1.39558
1.39546
1.39546
1.39537
1.39536
1.39541
1.39545
1.39541
1.39542
1.39562
1.39538
1.39542
1.39551
1.3955
1.39545
1.39551
1.39541
1.39547
1.39543
1.39531
1.39525
1.39545
1.39545
1.39539
1.3955
1.39548
1.39554
1.39546
1.39554
1.39551
1.39557
1.39555
1.3956
1.3955
1.39554
1.39563
1.39538
1.39563
1.39565
1.39558
1.39561
1.39602
1.39558
1.39572
1.39563
1.39566
1.39565
1.39558
1.39559
1.39554
1.39567
1.39544
1.39555
1.39552
1.39554
1.39553
1.39556
1.39558
1.39554
1.39552
1.39553
1.39547
1.39542
1.39558
1.39526
1.39525
1.39532
1.39552
1.39545
1.3954
1.39547
1.39536
1.39546
1.39549
1.39551
1.39553
1.39551
1.39549
1.39547
1.39539
1.39547
1.39551
1.39555
1.39547
1.39552
1.39547
1.39566
1.3955
1.39546
1.3956
1.39543
1.39545
1.39541
1.3955
1.39549
1.39537
1.39565
1.39546
1.39557
1.39549
1.39544
1.39545
1.39551
1.39546
1.39548
1.39552
1.39554
1.39552
1.39552
1.39554
1.39556
1.39558
1.39551
1.39561
1.39556
1.39552
1.39555
1.39557
1.39556
1.39562
1.39553
1.39552
1.39567
1.39545
1.39536
1.39543
1.39542
1.39561
1.39547
1.39552
1.39548
1.39552
1.39547
1.39552
1.39578
1.39549
1.39553
1.39556
1.39553
1.39541
1.39551
1.3956
1.39562
1.39548
1.39543
1.39559
1.39546
1.3955
1.39555
1.39562
1.39557
1.39551
1.39556
1.39552
1.39556
1.3955
1.3955
1.39552
1.3954
1.39552
1.39548
1.39549
1.3956
1.39548
1.39557
1.39549
1.39552
1.3956
1.39552
1.39557
1.3955
1.39554
1.39539
1.39545
1.39555
1.39572
1.39549
1.39557
1.39558
1.39551
1.39557
1.39552
1.39557
1.3956
1.39559
1.39555
1.39567
1.39551
1.39553
1.39556
1.39544
1.3955
1.39559
1.39557
1.39564
1.39556
1.39564
1.39559
1.39559
1.39557
1.39552
1.39551
1.39553
1.39548
1.39549
1.3953
1.39553
1.39539
1.39542
1.39545
1.39546
1.39531
1.39539
1.39541
1.39557
1.3954
1.3954
1.39536
1.39565
1.39541
1.39533
1.39535
1.39552
1.3954
1.39538
1.39542
1.39539
1.39539
1.39536
1.39531
1.39536
1.39531
1.39529
1.39526
1.39528
1.39529
1.39514
1.3952
1.39516
1.39524
1.39528
1.39522
1.39525
1.39528
1.39528
1.39523
1.39526
1.3953
1.39523
1.39528
1.39522
1.39519
1.39526
1.3953
1.39525
1.39526
1.39528
1.39529
1.39535
1.39527
1.39534
1.39537
1.39533
1.3954
1.39538
1.39543
1.39534
1.3954
1.39544
1.39536
1.39548
1.39531
1.39548
1.39532
1.39543
1.39539
1.39545
1.39537
1.39543
1.39541
1.39545
1.39544
1.3955
1.39562
1.39546
1.39555
1.3955
1.39552
1.39548
1.39559
1.3954
1.3955
1.39543
1.39563
1.39548
1.39541
1.39569
1.39538
1.39552
1.39549
1.39563
1.39557
1.39565
1.39556
1.39563
1.39555
1.39557
1.39556
1.39554
1.39556
1.39554
1.39555
1.39554
1.39556
1.3954
1.39541
1.39556
1.39552
1.39552
1.39545
1.39541
1.39541
1.39549
1.39546
1.39549
1.39548
1.39548
1.39544
1.39537
1.3955
1.39539
1.39546
1.39554
1.39533
1.39546
1.39543
1.39541
1.39553
1.39542
1.39545
1.3954
1.39536
1.39548
1.39526
1.39548
1.39542
1.39533
1.39534
1.39533
1.39527
1.39526
1.3954
1.39544
1.39543
1.39545
1.39544
1.39542
1.39534
1.39522
1.39547
1.39534
1.39542
1.39537
1.39549
1.39528
1.39542
1.39541
1.39533
1.39542
1.39535
1.39535
1.39543
1.39537
1.39542
1.39546
1.39538
1.39541
1.3954
1.39539
1.39536
1.39547
1.39544
1.3954
1.39544
1.39539
1.39539
1.39544
1.39539
1.39541
1.39547
1.39538
1.39538
1.39537
1.39544
1.39544
1.39546
1.39541
1.39551
1.39543
1.39547
1.39538
1.39536
1.39546
1.39544
1.39533
1.39533
1.39539
1.39549
1.39538
1.39545
1.39541
1.39544
1.39535
1.39537
1.39543
1.39533
1.39533
1.3954
1.39544
1.39543
1.39542
1.39553
1.39548
1.39546
1.39554
1.39546
1.39551
1.39543
1.39552
1.39535
1.39542
1.39539
1.3954
1.39543
1.3954
1.39542
1.39548
1.39546
1.39544
1.39544
1.39536
1.39534
1.39533
1.39544
1.39538
1.39544
1.39525
1.39527
1.39526
1.39522
1.39531
1.39541
1.3954
1.39535
1.39535
1.39536
1.39523
1.39525
1.39524
1.39524
1.3953
1.3953
1.39533
1.39524
