1 -5.44197 -5.44197 0
2 -5.47254 -5.45725 0.0152893
3 -5.53459 -5.48303 0.0272484
4 -5.49604 -5.48629 0.01954
5 -5.4382 -5.47667 0.0179325
6 -5.49891 -5.48038 0.0151037
7 -5.50954 -5.48454 0.0134275
8 -5.432 -5.47797 0.0133551
9 -5.40343 -5.46969 0.0143991
10 -5.44162 -5.46688 0.0131812
11 -5.44293 -5.46471 0.0121201
12 -5.46091 -5.46439 0.0110686
13 -5.51446 -5.46824 0.0108858
14 -5.46112 -5.46773 0.0100911
15 -5.46363 -5.46746 0.00939831
16 -5.42673 -5.46491 0.00915238
17 -5.49763 -5.46684 0.00880999
18 -5.41488 -5.46395 0.00879348
19 -5.52129 -5.46697 0.0088484
20 -5.48262 -5.46775 0.00843071
21 -5.48205 -5.46843 0.00804806
22 -5.52355 -5.47094 0.0080722
23 -5.49342 -5.47192 0.00777494
24 -5.43291 -5.47029 0.00761928
25 -5.45613 -5.46972 0.00733008
26 -5.51361 -5.47141 0.00724201
27 -5.47018 -5.47137 0.00696877
28 -5.44053 -5.47027 0.00680497
29 -5.49281 -5.47104 0.006612
30 -5.46113 -5.47071 0.00639634
31 -5.43443 -5.46954 0.00629628
32 -5.49006 -5.47018 0.00612996
33 -5.44578 -5.46944 0.00598714
34 -5.48624 -5.46994 0.00582936
35 -5.50669 -5.47099 0.00575693
36 -5.46393 -5.47079 0.00559816
37 -5.48843 -5.47127 0.0054656
38 -5.50503 -5.47216 0.00539351
39 -5.46177 -5.47189 0.00526014
40 -5.49302 -5.47242 0.00515408
41 -5.44689 -5.4718 0.00506523
42 -5.41359 -5.47041 0.00513374
43 -5.43389 -5.46956 0.00508436
44 -5.46875 -5.46954 0.0049675
45 -5.49562 -5.47012 0.00489031
46 -5.49312 -5.47062 0.00480887
47 -5.46004 -5.4704 0.00471083
48 -5.48744 -5.47075 0.0046253
49 -5.48821 -5.47111 0.00454391
50 -5.49501 -5.47159 0.00447769
51 -5.50639 -5.47227 0.00444175
52 -5.46723 -5.47217 0.00435657
53 -5.42598 -5.4713 0.00436153
54 -5.45489 -5.471 0.00429078
55 -5.47581 -5.47108 0.00421295
56 -5.4893 -5.47141 0.0041498
57 -5.4958 -5.47184 0.00409874
58 -5.45809 -5.4716 0.00403443
59 -5.40162 -5.47041 0.00413904
60 -5.48783 -5.4707 0.0040798
61 -5.49413 -5.47109 0.0040307
62 -5.46354 -5.47097 0.00396702
63 -5.50662 -5.47153 0.00394437
64 -5.46611 -5.47145 0.00388317
65 -5.49989 -5.47189 0.00384793
66 -5.52929 -5.47276 0.00388772
67 -5.46702 -5.47267 0.00383021
68 -5.44595 -5.47228 0.00379388
69 -5.39579 -5.47117 0.00389936
70 -5.46985 -5.47115 0.0038433
71 -5.46903 -5.47112 0.0037889
72 -5.49209 -5.47141 0.00374724
73 -5.4754 -5.47147 0.00369596
74 -5.46069 -5.47132 0.00364858
75 -5.46532 -5.47124 0.00360049
76 -5.4852 -5.47142 0.00355754
77 -5.47578 -5.47148 0.00351149
78 -5.49935 -5.47184 0.00348455
79 -5.47015 -5.47182 0.00344023
80 -5.5355 -5.47261 0.00348896
81 -5.49178 -5.47285 0.00345374
82 -5.45974 -5.47269 0.0034151
83 -5.43085 -5.47218 0.00341116
84 -5.4969 -5.47248 0.00338313
85 -5.47964 -5.47256 0.00334415
86 -5.45237 -5.47233 0.00331337
87 -5.47416 -5.47235 0.00327513
88 -5.41927 -5.47175 0.00329339
89 -5.44061 -5.4714 0.00327491
90 -5.45146 -5.47118 0.00324589
91 -5.51504 -5.47166 0.003246
92 -5.49409 -5.4719 0.00321977
93 -5.46795 -5.47186 0.00318525
94 -5.46479 -5.47178 0.00315208
95 -5.43556 -5.4714 0.00314194
96 -5.46118 -5.4713 0.00311087
97 -5.49905 -5.47158 0.0030919
98 -5.47058 -5.47157 0.0030602
99 -5.42336 -5.47108 0.00306804
100 -5.46112 -5.47098 0.00303884
