0.0128248 0 0
0.0384745 0 0
0.0641241 0 0
0.0897737 0 0
0.115423 0 0
0.141073 0 0
0.166723 0 0
0.192372 0 0
0.218022 0 0
0.243672 0 0
0.269321 0 0
0.294971 0 0
0.32062 0 0
0.34627 0 0
0.37192 0 0
0.397569 0 0
0.423219 0 0
0.448869 0 0
0.474518 0 0
0.500168 0 0
0.525818 0 0
0.551467 0 0
0.577117 0 0
0.602767 0 0
0.628416 0 0
0.654066 0 0
0.679715 0 0
0.705365 0 0
0.731015 0 0
0.756664 0 0
0.782314 0 0
0.807964 0 0
0.833613 0 0
0.859263 6.4841e-06 6.4841e-06
0.884913 0.00120134 0.00010052
0.910562 0.0244967 0.000486958
0.936212 0.162748 0.00136331
0.961861 0.557501 0.0029178
0.987511 1.19427 0.00477583
1.01316 1.85322 0.00483575
1.03881 2.33787 0.00472337
1.06446 2.55074 0.00460312
1.09011 2.55839 0.00378674
1.11576 2.40905 0.00406631
1.14141 2.20085 0.00379494
1.16706 1.97355 0.00377974
1.19271 1.76169 0.00368746
1.21836 1.5639 0.00324806
1.24401 1.38746 0.00342687
1.26966 1.24882 0.00284516
1.29531 1.12694 0.00249311
1.32096 1.02689 0.00288465
1.34661 0.944779 0.00261257
1.37226 0.876211 0.00241266
1.39791 0.819507 0.0020768
1.42355 0.77534 0.00196133
1.4492 0.739252 0.00194576
1.47485 0.711588 0.00180789
1.5005 0.688906 0.00169875
1.52615 0.679181 0.00191554
1.5518 0.66906 0.0018484
1.57745 0.668373 0.00177648
1.6031 0.673281 0.0018542
1.62875 0.684319 0.00185341
1.6544 0.700234 0.00192825
1.68005 0.720663 0.00174077
1.7057 0.747121 0.0018479
1.73135 0.778949 0.00186459
1.757 0.811946 0.00198338
1.78265 0.849995 0.00192156
1.8083 0.891584 0.00196035
1.83395 0.932861 0.00187336
1.8596 0.976401 0.00208455
1.88525 1.01732 0.00193691
1.9109 1.05833 0.00196652
1.93655 1.09666 0.00211489
1.9622 1.13318 0.00177476
1.98785 1.16196 0.00184845
2.0135 1.18491 0.00177624
2.03915 1.20576 0.00155848
2.0648 1.21746 0.00161059
2.09045 1.21738 0.00163786
2.1161 1.21062 0.00177517
2.14174 1.19759 0.00179611
2.16739 1.17682 0.00204411
2.19304 1.15312 0.00188628
2.21869 1.12595 0.00187549
2.24434 1.09742 0.00193888
2.26999 1.06709 0.00189016
2.29564 1.04172 0.00176445
2.32129 1.0135 0.00170181
2.34694 0.987184 0.00161522
2.37259 0.965881 0.00159886
2.39824 0.947169 0.00153482
2.42389 0.931556 0.00157246
2.44954 0.918838 0.0012716
2.47519 0.908451 0.00148013
2.50084 0.892985 0.00123326
2.52649 0.886141 0.0015337
2.55214 0.883093 0.0013914
