1 1.45186 1.45186 0
2 1.42086 1.43636 0.0155004
3 1.0319 1.30154 0.135116
4 1.1742 1.26971 0.100706
5 1.52811 1.32139 0.0935728
6 1.24099 1.30799 0.077568
7 1.26653 1.30207 0.0658239
8 1.57959 1.33676 0.0667312
9 1.7213 1.37948 0.0727259
10 1.54689 1.39623 0.0671676
11 1.52005 1.40748 0.0617895
12 1.43657 1.40991 0.0564579
13 1.15246 1.3901 0.0555813
14 1.39689 1.39059 0.0514606
15 1.44181 1.394 0.0480288
16 1.56725 1.40483 0.0462132
17 1.21144 1.39346 0.0448756
18 1.71034 1.41106 0.0458257
19 1.19768 1.39983 0.044778
20 1.27382 1.39353 0.0429448
21 1.27602 1.38793 0.0412301
22 1.1381 1.37658 0.0409188
23 1.22002 1.36977 0.0396874
24 1.54608 1.37712 0.0387014
25 1.45581 1.38026 0.0372543
26 1.14495 1.37121 0.0369194
27 1.41343 1.37278 0.0355601
28 1.57748 1.38009 0.0350378
29 1.24998 1.3756 0.0341044
30 1.37761 1.37567 0.032948
31 1.60888 1.38319 0.0327434
32 1.28233 1.38004 0.03186
33 1.50606 1.38386 0.0311147
34 1.37552 1.38361 0.0301867
35 1.13205 1.37643 0.0301798
36 1.37807 1.37647 0.0293296
37 1.38092 1.37659 0.0285261
38 1.1675 1.37109 0.0283053
39 1.39889 1.3718 0.0275791
40 1.30409 1.37011 0.0269341
41 1.46085 1.37232 0.026362
42 1.56281 1.37686 0.0261234
43 1.65939 1.38343 0.0263412
44 1.34552 1.38257 0.02575
45 1.26006 1.37984 0.0253181
46 1.24566 1.37693 0.0249328
47 1.49605 1.37946 0.0245279
48 1.28534 1.3775 0.0240913
49 1.26547 1.37521 0.0237051
50 1.20572 1.37182 0.0234722
51 1.17966 1.36806 0.0233139
52 1.35929 1.36789 0.0228618
53 1.58202 1.37193 0.0227873
54 1.45824 1.37353 0.0224184
55 1.32286 1.37261 0.0220263
56 1.2369 1.37018 0.0217647
57 1.24986 1.36807 0.0214834
58 1.52145 1.37072 0.0212748
59 1.72487 1.37672 0.0217555
60 1.35421 1.37634 0.0213932
61 1.27079 1.37461 0.0211106
62 1.42767 1.37547 0.0207849
63 1.1458 1.37182 0.0207747
64 1.34047 1.37133 0.0204534
65 1.18682 1.36849 0.0203354
66 1.00868 1.36304 0.0207537
67 1.37994 1.36329 0.0204432
68 1.54686 1.36599 0.0203204
69 1.66224 1.37029 0.0204789
70 1.33665 1.36981 0.0201899
71 1.33841 1.36937 0.0199084
72 1.22746 1.36739 0.0197287
73 1.29625 1.36642 0.0194809
74 1.38752 1.3667 0.019218
75 1.40754 1.36725 0.0189678
76 1.26871 1.36595 0.0187614
77 1.29799 1.36507 0.0185372
78 1.24089 1.36348 0.0183671
79 1.38086 1.3637 0.0181345
80 1.08869 1.36026 0.0182333
81 1.23626 1.35873 0.0180718
82 1.41903 1.35947 0.0178652
83 1.55232 1.36179 0.0178009
84 1.22049 1.36011 0.017668
85 1.307 1.35948 0.0174701
86 1.46433 1.3607 0.0173087
87 1.29743 1.35997 0.0171241
88 1.59495 1.36264 0.0171377
89 1.56063 1.36487 0.0170894
90 1.4773 1.36612 0.0169446
91 1.12003 1.36341 0.0169741
92 1.22237 1.36188 0.0168585
93 1.41631 1.36247 0.0166865
94 1.42338 1.36311 0.0165207
95 1.56784 1.36527 0.0164873
96 1.39466 1.36557 0.0163176
97 1.1668 1.36353 0.016278
98 1.36865 1.36358 0.0161111
99 1.57978 1.36576 0.0160964
100 1.49858 1.36709 0.0159898
