1 7.62367 7.62367 0
2 7.37726 7.50046 0.123204
3 7.40781 7.46958 0.0775464
4 7.61789 7.50666 0.0661931
5 7.60132 7.52559 0.0546569
6 7.823 7.57516 0.0666983
7 7.57236 7.57476 0.0563717
8 7.58401 7.57592 0.0488331
9 7.62984 7.58191 0.0434814
10 7.74246 7.59796 0.0420746
11 7.63759 7.60157 0.038228
12 7.60133 7.60155 0.0348973
13 7.52323 7.59552 0.0326612
14 7.57945 7.59437 0.0302602
15 7.49982 7.58807 0.0288674
16 7.73838 7.59746 0.0285906
17 7.37256 7.58423 0.0299378
18 7.65144 7.58797 0.0284716
19 7.80058 7.59916 0.0291636
20 7.54683 7.59654 0.0277904
21 7.67005 7.60004 0.0266647
22 7.54085 7.59735 0.0255658
23 7.72915 7.60308 0.0250921
24 7.73705 7.60866 0.0246638
25 7.52594 7.60536 0.0238869
26 7.55519 7.60343 0.0230308
27 7.48763 7.59914 0.0225726
28 7.46712 7.59442 0.0222567
29 7.60421 7.59476 0.0214781
30 7.46324 7.59038 0.0212079
31 7.47475 7.58665 0.0208487
32 7.67933 7.58954 0.0203934
33 7.53688 7.58795 0.0198301
34 7.56707 7.58733 0.0192478
35 7.27388 7.57838 0.0207247
36 7.60379 7.57908 0.0201531
37 7.50439 7.57706 0.0197046
38 7.67275 7.57958 0.0193436
39 7.63161 7.58092 0.0188882
40 7.70501 7.58402 0.0186696
41 7.59003 7.58416 0.0182091
42 7.48798 7.58187 0.0179172
43 7.63093 7.58302 0.0175327
44 7.45739 7.58016 0.017366
45 7.76526 7.58427 0.0174669
46 7.44025 7.58114 0.0173675
47 7.48252 7.57904 0.017123
48 7.58563 7.57918 0.016763
49 7.6827 7.58129 0.0165527
50 7.71216 7.58391 0.0164281
51 7.46684 7.58162 0.0162656
52 7.5544 7.58109 0.0159583
53 7.67107 7.58279 0.0157461
54 7.85423 7.58782 0.0162488
55 7.50684 7.58634 0.0160185
56 7.52458 7.58524 0.0157684
57 7.75728 7.58826 0.0157807
58 7.76714 7.59134 0.0158099
59 7.49861 7.58977 0.015619
60 7.65053 7.59078 0.0153898
61 7.56863 7.59042 0.0151397
62 7.49628 7.5889 0.0149708
63 7.64142 7.58974 0.0147548
64 7.62852 7.59034 0.014535
65 7.60975 7.59064 0.0143128
66 7.63427 7.5913 0.0141098
67 7.46454 7.58941 0.0140258
68 7.53796 7.58865 0.0138387
69 7.99344 7.59452 0.014845
70 7.38033 7.59146 0.0149479
71 7.47313 7.58979 0.0148298
72 7.56709 7.58948 0.0146258
73 7.43688 7.58739 0.0145747
74 7.44969 7.58553 0.0144964
75 7.58557 7.58553 0.0143018
76 7.40309 7.58313 0.014315
77 7.4761 7.58174 0.0141961
78 7.63962 7.58248 0.0140326
79 7.62633 7.58303 0.0138649
80 7.6025 7.58328 0.0136927
81 7.58617 7.58331 0.0135226
82 7.49791 7.58227 0.0133972
83 7.80292 7.58493 0.0134992
84 7.54391 7.58444 0.0133464
85 7.2746 7.5808 0.013683
86 7.64091 7.5815 0.013541
87 7.6364 7.58213 0.0133993
88 7.61251 7.58247 0.0132507
89 7.59457 7.58261 0.0131016
90 7.68039 7.58369 0.0130007
91 7.41383 7.58183 0.0129919
92 7.59603 7.58198 0.0128508
93 7.56424 7.58179 0.0127133
94 7.71972 7.58326 0.0126626
95 7.65111 7.58397 0.012549
96 7.49301 7.58303 0.0124537
97 7.57084 7.5829 0.0123252
98 7.30358 7.58005 0.0125274
99 7.55147 7.57976 0.0124035
100 7.5302 7.57927 0.0122889
