1 -7.54198 -7.54198 0
2 -7.585 -7.56349 0.0215108
3 -7.57972 -7.5689 0.0135455
4 -7.5411 -7.56195 0.0118343
5 -7.54323 -7.55821 0.00990171
6 -7.50551 -7.54942 0.0119377
7 -7.54818 -7.54925 0.0100908
8 -7.55012 -7.54936 0.00873959
9 -7.54025 -7.54834 0.00777374
10 -7.51972 -7.54548 0.00751937
11 -7.53819 -7.54482 0.00683374
12 -7.54666 -7.54497 0.00624021
13 -7.55856 -7.54602 0.0058346
14 -7.54795 -7.54616 0.00540355
15 -7.56231 -7.54723 0.00514447
16 -7.51851 -7.54544 0.00513615
17 -7.58611 -7.54783 0.00538527
18 -7.53556 -7.54715 0.00512284
19 -7.50804 -7.54509 0.00526466
20 -7.55492 -7.54558 0.0050186
21 -7.53363 -7.54501 0.00480745
22 -7.5552 -7.54548 0.00460704
23 -7.5245 -7.54456 0.00449567
24 -7.52013 -7.54355 0.00442308
25 -7.55666 -7.54407 0.00427478
26 -7.55221 -7.54438 0.004119
27 -7.56612 -7.54519 0.00404443
28 -7.56759 -7.54599 0.00397858
29 -7.54549 -7.54597 0.00383898
30 -7.57098 -7.5468 0.00380131
31 -7.56707 -7.54746 0.0037343
32 -7.53068 -7.54693 0.00365352
33 -7.55694 -7.54724 0.00355402
34 -7.55352 -7.54742 0.00345286
35 -7.6044 -7.54905 0.00372704
36 -7.5444 -7.54892 0.00362434
37 -7.56202 -7.54927 0.00354277
38 -7.53226 -7.54883 0.00347722
39 -7.54155 -7.54864 0.00339202
40 -7.52584 -7.54807 0.00335491
41 -7.54758 -7.54806 0.00327208
42 -7.56531 -7.54847 0.00321954
43 -7.53948 -7.54826 0.00315072
44 -7.57078 -7.54877 0.00312053
45 -7.51586 -7.54804 0.00313687
46 -7.57538 -7.54863 0.00312494
47 -7.56662 -7.54902 0.00308158
48 -7.5485 -7.54901 0.00301672
49 -7.53063 -7.54863 0.00297822
50 -7.52725 -7.5482 0.00294921
51 -7.57086 -7.54865 0.00292474
52 -7.5549 -7.54877 0.00287046
53 -7.53231 -7.54846 0.00283285
54 -7.49777 -7.54752 0.00293412
55 -7.56218 -7.54779 0.00289258
56 -7.5578 -7.54796 0.00284609
57 -7.51804 -7.54744 0.00284457
58 -7.51654 -7.54691 0.0028454
59 -7.56109 -7.54715 0.00280707
60 -7.53724 -7.54698 0.00276483
61 -7.55197 -7.54706 0.00272035
62 -7.56364 -7.54733 0.00268943
63 -7.5368 -7.54716 0.00265167
64 -7.54073 -7.54706 0.00261185
65 -7.5453 -7.54704 0.00257149
66 -7.53739 -7.54689 0.00253645
67 -7.56892 -7.54722 0.00251985
68 -7.55574 -7.54734 0.00248568
69 -7.47531 -7.5463 0.00266261
70 -7.58655 -7.54688 0.00268656
71 -7.56734 -7.54716 0.00266409
72 -7.55249 -7.54724 0.00262787
73 -7.5732 -7.54759 0.00261592
74 -7.57401 -7.54795 0.0026049
75 -7.54741 -7.54794 0.00256994
76 -7.58042 -7.54837 0.00257166
77 -7.56822 -7.54863 0.0025511
78 -7.5378 -7.54849 0.00252201
79 -7.5411 -7.5484 0.00249164
80 -7.54353 -7.54834 0.00246105
81 -7.54632 -7.54831 0.0024306
82 -7.56421 -7.5485 0.0024086
83 -7.50703 -7.548 0.0024313
84 -7.55503 -7.54809 0.00240363
85 -7.60605 -7.54877 0.00247113
86 -7.5373 -7.54864 0.00244587
87 -7.5387 -7.54852 0.00242029
88 -7.54559 -7.54849 0.00239286
89 -7.54794 -7.54848 0.00236583
90 -7.53025 -7.54828 0.00234815
91 -7.58045 -7.54863 0.00234895
92 -7.54838 -7.54863 0.00232328
93 -7.55318 -7.54868 0.00229868
94 -7.52401 -7.54842 0.00228919
95 -7.53616 -7.54829 0.00226863
96 -7.5635 -7.54845 0.00225046
97 -7.55075 -7.54847 0.00222726
98 -7.60073 -7.549 0.00226801
99 -7.55519 -7.54907 0.00224586
100 -7.55685 -7.54914 0.00222465
