0.0115332 0 0
0.0345996 0 0
0.0576661 0 0
0.0807325 0 0
0.103799 0 0
0.126865 0 0
0.149932 0 0
0.172998 0 0
0.196065 0 0
0.219131 0 0
0.242198 0 0
0.265264 0 0
0.28833 0 0
0.311397 0 0
0.334463 0 0
0.35753 0 0
0.380596 0 0
0.403663 0 0
0.426729 0 0
0.449795 0 0
0.472862 0 0
0.495928 0 0
0.518995 0 0
0.542061 0 0
0.565128 0 0
0.588194 0 0
0.61126 0 0
0.634327 0 0
0.657393 0 0
0.68046 0 0
0.703526 0 0
0.726593 0 0
0.749659 0 0
0.772725 0 0
0.795792 0 0
0.818858 0 0
0.841925 0 0
0.864991 0 0
0.888058 7.85499e-05 2.58464e-05
0.911124 0.00341401 0.000141345
0.93419 0.0479473 0.000595287
0.957257 0.292029 0.00187938
0.980323 1.00213 0.00356556
1.00339 2.23402 0.00454612
1.02646 3.61403 0.00396803
1.04952 4.623 0.00435068
1.07259 4.90757 0.00640128
1.09566 4.50146 0.0067099
1.11872 3.66819 0.00519855
1.14179 2.69596 0.0033752
1.16485 1.81928 0.00235899
1.18792 1.12594 0.00223703
1.21099 0.64865 0.00220691
1.23405 0.349543 0.00185999
1.25712 0.178015 0.00152407
1.28019 0.0879999 0.0011092
1.30325 0.0493367 0.000817591
1.32632 0.0420407 0.00080729
1.34939 0.0603829 0.000919535
1.37245 0.10427 0.00112219
1.39552 0.183598 0.00128829
1.41859 0.297919 0.00140099
1.44165 0.453876 0.00121843
1.46472 0.629253 0.00111213
1.48778 0.798492 0.0016853
1.51085 0.924849 0.00247801
1.53392 0.971803 0.00276799
1.55698 0.9285 0.00241065
1.58005 0.808774 0.00186086
1.60312 0.641271 0.00116764
1.62618 0.464734 0.00104657
1.64925 0.316801 0.00134071
1.67232 0.217239 0.00155223
1.69538 0.19085 0.00163761
1.71845 0.253379 0.00212156
1.74152 0.432071 0.00232018
1.76458 0.74513 0.00262202
1.78765 1.19551 0.00215012
1.81071 1.72753 0.00157929
1.83378 2.23797 0.00241824
1.85685 2.60169 0.00378743
1.87991 2.71989 0.0049682
1.90298 2.56368 0.00465627
1.92605 2.18342 0.00313184
1.94911 1.6904 0.00174445
1.97218 1.19878 0.00160633
1.99525 0.798484 0.00220895
2.01831 0.5389 0.00261547
2.04138 0.430281 0.00252945
2.06445 0.458214 0.00209357
2.08751 0.584786 0.00154715
2.11058 0.759241 0.00085051
2.13364 0.919321 0.00112896
2.15671 1.01745 0.0017279
2.17978 1.02591 0.00194541
2.20284 0.920257 0.0015764
2.22591 0.78076 0.000948253
2.24898 0.652058 0.00135532
2.27204 0.570795 0.0019849
2.29511 0.570759 0.0025826
