-0.492677   0.465165   0.488444
-0.324877   -0.359137   -0.489706
0.494482   -0.346679   -0.310071
-0.340391   0.484239   -0.33566
-0.157893   -0.494799   -0.478232
0.0188804   -0.355398   -0.485116
-0.164541   -0.353092   -0.324309
0.0278811   0.491124   -0.319062
0.180605   -0.471674   -0.489683
0.350054   -0.34007   -0.491664
0.161464   -0.326443   -0.331673
0.330075   0.488156   -0.347246
-0.491991   -0.181061   0.467474
-0.325871   -0.0220906   0.480669
-0.491947   -0.0157214   -0.353091
-0.337143   -0.181226   -0.316716
-0.143182   -0.168801   -0.493763
0.02008   0.0058882   0.489552
-0.178597   0.00497092   -0.367867
0.00402627   -0.153156   -0.315026
0.178143   -0.16234   0.486938
0.335283   0.00685054   0.494538
0.171993   -0.00116659   -0.325536
0.320075   -0.168588   -0.344441
0.477017   0.194175   -0.492075
-0.329464   0.332407   0.490944
-0.495993   0.327935   -0.313994
-0.35073   0.156782   -0.360752
-0.161795   0.175526   -0.49215
-0.00453782   0.370905   0.499774
-0.145575   0.326205   -0.304542
0.0269496   0.161686   -0.317953
0.138855   0.189249   0.489661
0.317557   0.337322   0.482231
0.186058   0.33251   -0.328335
0.330137   0.144453   -0.33367
0.492987   -0.495152   -0.16032
-0.320169   -0.350643   -0.144849
-0.489075   -0.329227   0.00216078
-0.312559   0.494267   -0.0137229
-0.161749   -0.497058   -0.166849
0.0211355   -0.340336   -0.164201
-0.166602   -0.350183   -0.013514
-0.00157136   -0.48814   0.00541445
0.197073   0.483818   -0.179652
0.335689   -0.332278   -0.1878
0.176686   -0.347634   -0.0229038
0.340406   -0.488226   -0.0136561
0.490374   -0.182762   -0.171662
-0.319434   0.00483195   -0.185591
-0.487939   -0.0192106   -0.023195
-0.322654   -0.169072   -0.0422469
-0.167197   -0.175841   -0.193031
-0.0069609   -0.0125717   -0.152581
-0.192406   0.00276457   0.00342499
-0.00980603   -0.19342   -0.00944438
0.185064   -0.147048   -0.144683
0.327832   0.00764392   -0.158465
0.1551   0.00259225   0.00750675
0.329205   -0.171865   0.00754046
0.493249   0.175636   -0.148241
-0.309983   0.340131   -0.177925
0.491149   0.329607   -0.00174679
-0.327816   0.180926   -0.0161371
-0.154896   0.151755   -0.182715
0.030322   0.32157   -0.173384
-0.125711   0.344558   -0.0185686
-0.00389967   0.159843   0.0244567
0.161248   0.159616   -0.141917
0.318811   0.31243   -0.17604
0.156929   0.314101   0.00858209
0.32069   0.156412   0.048139
-0.486035   0.471716   0.154672
-0.343829   -0.343179   0.19334
0.495819   -0.342416   0.343623
-0.332759   0.49873   0.339606
-0.162773   -0.497586   0.164392
-0.0290137   -0.333437   0.160746
-0.168468   -0.349831   0.342658
0.00139507   -0.48645   0.333924
0.147011   -0.495228   0.165669
0.326635   -0.341858   0.167122
0.154942   -0.335448   0.329692
0.328622   0.487975   0.319707
0.483454   -0.166239   0.16017
-0.348476   0.00558221   0.148591
0.489282   -0.00603964   0.336664
-0.302955   -0.180773   0.346701
-0.199227   -0.191954   0.14841
-0.00241274   -0.0188499   0.165767
-0.14109   -0.0215983   0.331035
-0.0146196   -0.193459   0.336391
0.142983   -0.200046   0.167297
0.338739   0.00465274   0.193987
0.150227   -0.0152824   0.33562
0.326469   -0.167821   0.322451
-0.491919   0.171934   0.172302
-0.305624   0.33158   0.148944
0.484901   0.335847   0.337421
-0.335477   0.138378   0.326035
-0.178144   0.16349   0.173486
-0.0170349   0.341253   0.163579
-0.161471   0.324592   0.332147
-0.0114112   0.16077   0.333599
0.150645   0.159149   0.184727
0.326724   0.346602   0.166744
0.147313   0.334996   0.32582
0.341577   0.173421   0.323945
