-0.492813   0.465184   0.488538
-0.325009   -0.35911   -0.489768
0.494546   -0.346785   -0.31006
-0.340395   0.484213   -0.335724
-0.157938   -0.49479   -0.478119
0.0188103   -0.35521   -0.485241
-0.164514   -0.353253   -0.324158
0.0279375   0.491112   -0.319171
0.180633   -0.471761   -0.489822
0.350217   -0.339962   -0.491492
0.16164   -0.326417   -0.331495
0.329896   0.488269   -0.347114
-0.492027   -0.180968   0.467353
-0.325746   -0.0220651   0.480835
-0.492027   -0.0158984   -0.353195
-0.337133   -0.181292   -0.316761
-0.143097   -0.168907   -0.493767
0.0199981   0.00587817   0.489414
-0.178677   0.00514005   -0.367839
0.00403307   -0.153168   -0.315108
0.17814   -0.162352   0.486777
0.335121   0.00699855   0.494639
0.171959   -0.0011602   -0.32554
0.320161   -0.168397   -0.344452
0.477109   0.194357   -0.491859
-0.329747   0.332423   0.491001
-0.495972   0.327823   -0.314004
-0.350771   0.156832   -0.360516
-0.161883   0.175335   -0.492264
-0.0046098   0.370807   0.499862
-0.145619   0.326407   -0.304746
0.0271484   0.161596   -0.318056
0.138969   0.18915   0.489723
0.317808   0.337474   0.482121
0.186127   0.332449   -0.3286
0.330236   0.144589   -0.333637
0.493021   -0.494893   -0.160245
-0.320124   -0.350653   -0.145197
-0.48913   -0.328969   0.00223706
-0.312521   0.494237   -0.0136484
-0.161765   -0.497224   -0.166741
0.0211111   -0.340338   -0.164256
-0.166613   -0.350233   -0.0136264
-0.00167436   -0.488209   0.00542872
0.196953   0.483755   -0.179506
0.335685   -0.332235   -0.187685
0.1765   -0.347605   -0.0226535
0.340499   -0.488338   -0.0136312
0.490317   -0.182811   -0.1716
-0.319386   0.00469912   -0.185605
-0.488102   -0.0191479   -0.0230941
-0.322391   -0.169021   -0.0425097
-0.167255   -0.175772   -0.193112
-0.00693782   -0.0127093   -0.152577
-0.192289   0.00295526   0.00349612
-0.00978792   -0.193539   -0.00925205
0.184934   -0.147053   -0.144837
0.328   0.00769134   -0.158497
0.155033   0.00253556   0.00734634
0.329185   -0.171886   0.0075828
0.49332   0.175769   -0.148284
-0.309939   0.340106   -0.177993
0.491167   0.329531   -0.00162266
-0.327922   0.180987   -0.016231
-0.154956   0.151418   -0.182742
0.030337   0.321599   -0.173337
-0.12553   0.344737   -0.0185564
-0.00395391   0.159917   0.0243098
0.161438   0.15961   -0.142001
0.318918   0.312344   -0.175924
0.156846   0.313961   0.00857405
0.320496   0.156411   0.0480254
-0.486164   0.47196   0.154739
-0.343766   -0.343373   0.193387
0.495663   -0.34238   0.343884
-0.332884   0.498798   0.339531
-0.162959   -0.49763   0.16417
-0.0291579   -0.333587   0.160761
-0.168337   -0.350069   0.342539
0.00142333   -0.486293   0.333678
0.147377   -0.495392   0.165892
0.326556   -0.341885   0.167351
0.15478   -0.335509   0.329808
0.328615   0.487863   0.319716
0.483498   -0.166134   0.16018
-0.348287   0.00553093   0.148706
0.48935   -0.00606932   0.336434
-0.302961   -0.180593   0.346554
-0.199184   -0.191661   0.148386
-0.00228902   -0.018874   0.166026
-0.141255   -0.0215554   0.330949
-0.0145987   -0.19353   0.336305
0.143011   -0.200212   0.167333
0.339011   0.00486354   0.193961
0.150261   -0.0153546   0.335537
0.326352   -0.167782   0.322675
-0.491839   0.171878   0.172266
-0.305847   0.331626   0.148903
0.484934   0.335737   0.337374
-0.335531   0.138627   0.326275
-0.178242   0.163492   0.173572
-0.0174548   0.340998   0.16355
-0.161537   0.324473   0.332062
-0.0115491   0.160773   0.333609
0.15077   0.159064   0.184784
0.326791   0.346679   0.166494
0.147759   0.335049   0.325948
0.34163   0.173414   0.32394
