2.04259
1.99343
1.95902
1.93736
1.92647
1.92931
1.9524
1.99786
2.05647
2.11067
2.14478
2.15146
2.13232
2.09624
2.05608
2.02342
2.00461
2.00131
2.0135
2.04045
2.07891
2.1224
2.16247
2.19077
2.2007
2.18929
2.15849
2.11496
2.06825
2.02797
2.00023
1.98657
1.98511
1.99201
2.00135
2.00609
2.00147
1.98728
1.96846
1.95388
1.95305
1.9713
2.00673
2.05192
2.09827
2.1394
2.17269
2.19861
2.21849
2.23191
2.23619
2.22756
2.20357
2.16505
2.11735
2.06922
2.02929
2.00162
1.98427
1.97284
1.9651
1.96233
1.96643
1.97603
1.98669
1.99466
2.00028
2.0075
2.02117
2.04392
2.07493
2.10954
2.14095
2.16226
2.16852
2.15822
2.13348
2.09904
2.05997
2.0204
1.98482
1.95909
1.94858
1.95493
1.97444
1.99941
2.02211
2.0386
2.05051
2.06306
2.08128
2.107
2.13832
2.17102
2.20101
2.22507
2.23981
2.24165
2.22994
2.20841
2.18297
2.15848
2.13659
2.11485
2.08962
2.0599
2.02812
1.9983
1.97437
1.95985
1.95776
1.96957
1.99387
2.0267
2.06307
2.0992
2.13311
2.16398
2.19065
2.21144
2.22444
2.22768
2.22141
2.21055
2.20239
2.19967
2.19907
2.19735
2.1958
2.19773
2.20371
2.20936
2.20736
2.19122
2.15855
2.1123
2.05991
2.01094
1.97361
1.9507
1.93874
1.9315
1.924
1.91488
1.90629
1.90251
1.90733
1.92152
1.94245
1.9666
1.99183
2.01739
2.0424
2.0645
2.07989
2.08452
2.07574
2.05301
2.01869
1.9789
1.94465
1.93011
1.94615
1.99276
2.05814
2.12473
2.17695
2.20511
2.20612
2.18306
2.14441
2.10274
2.07105
2.05736
2.06249
2.08299
2.11347
2.147
2.17578
2.19266
2.19308
2.17722
2.15084
2.12318
2.10151
2.08766
2.07923
2.07301
2.06785
2.06615
2.07188
2.08588
2.10332
2.11695
2.12219
2.11916
2.11088
2.10065
2.09067
2.08252
2.07892
2.08373
2.09898
2.12188
2.14483
2.15913
2.15856
2.14209
2.11577
2.0918
2.08249
2.09188
2.11265
2.13126
2.13675
2.12632
2.10499
2.08165
2.06422
2.05715
2.06181
2.07829
2.10505
2.13599
2.16077
2.17064
2.16298
2.14077
2.11043
2.08017
2.0592
2.05527
2.07049
2.09823
2.12558
2.14015
2.13562
2.11316
2.07988
2.04541
2.01843
2.00403
2.00374
2.01632
2.03849
2.06479
2.0882
2.10278
2.10681
2.10336
2.09816
2.0964
2.10014
2.10713
2.11256
2.11176
2.10299
2.08828
2.07187
2.05714
2.04465
2.03355
2.02562
2.02703
2.04352
2.0734
2.10917
2.14475
2.17695
2.2024
2.21636
2.21445
2.19576
2.16359
2.12492
2.08803
2.05966
2.04285
2.03666
2.03717
2.03903
2.03657
2.02564
2.00594
1.98224
1.96386
1.962
1.98435
2.02828
2.07978
2.12242
2.14686
2.15277
2.1444
2.12607
2.10023
2.0692
2.03808
2.01468
2.00548
2.01097
2.02514
2.04071
2.05443
2.06677
2.07767
2.0849
2.08607
2.07989
2.06621
2.04591
2.02221
2.0015
1.99242
2.00214
2.03229
2.07827
2.13132
2.18106
2.21789
2.2362
2.23575
2.22067
2.19615
2.1656
2.13064
2.09319
2.05702
2.0275
2.00947
2.00501
2.01245
2.02736
2.04441
2.05875
2.0665
2.06471
2.05209
2.02953
2.00014
1.96905
1.94209
1.92461
1.92061
1.93175
1.95689
1.99184
2.0298
2.06259
2.08264
2.08524
2.07036
2.04368
2.01542
1.99549
1.9879
1.99033
1.99858
2.00989
2.02399
2.04462
2.07841
2.12755
2.18312
2.22879
2.25194
2.25017
2.23078
2.20553
2.18509
2.17583
2.17956
2.1935
2.20988
2.21896
2.21584
2.20657
2.20407
2.21347
2.22588
2.23004
2.22299
2.20853
2.19134
2.17311
2.15212
2.12496
2.09017
2.05265
2.02283
2.00778
2.00424
2.0038
2.00256
2.00362
2.0126
2.03172
2.05703
2.08082
2.09664
2.10269
2.1022
2.10074
2.1032
2.11238
2.12886
2.15125
2.17684
2.20205
2.22274
2.23432
2.23331
2.21908
2.19483
2.16531
2.13337
2.09913
2.06132
2.01887
1.97186
1.92301
1.87874
1.8478
1.83744
1.84939
1.87821
1.91356
1.94539
1.96808
1.98153
1.98914
1.9955
2.00406
2.01649
2.03309
2.05346
2.07595
2.09681
2.11158
2.1187
2.12324
2.1359
2.16608
2.21377
2.26754
2.31113
2.33177
2.32494
2.29417
2.24852
2.19975
2.15949
2.13673
2.13499
2.1506
2.17446
2.19658
2.21039
2.21328
2.20377
2.17945
2.13746
2.07753
2.00602
1.93768
1.89178
1.88128
1.90429
1.94645
1.9909
2.02549
2.04489
2.04953
2.04337
2.03116
2.0165
2.00035
1.98103
1.95596
1.92453
1.89048
1.86205
1.84942
1.86069
1.89871
1.96001
2.03592
2.11551
2.18809
2.24465
2.27841
2.28541
2.26617
2.22703
2.17999
2.13809
2.10928
2.09501
2.09437
2.10701
2.13058
2.15817
2.18068
2.19177
2.19016
2.17839
2.1599
2.13715
2.11117
2.08216
2.05067
2.01858
1.9898
1.96957
1.96159
1.9661
1.98087
2.00491
2.04031
2.08933
2.14928
2.2101
2.25755
2.27961
2.27138
2.2365
2.18511
2.12905
2.07701
2.03285
1.99755
1.97292
1.96416
1.97762
2.01443
2.06639
2.1203
2.16561
2.19687
2.21191
2.211
2.19719
2.17572
2.15264
2.13348
2.12225
2.11967
2.12159
2.11993
2.10717
2.08139
2.04809
2.01717
1.99712
1.99138
1.99887
2.01628
2.03934
2.06302
2.08235
2.09397
2.09753
2.09548
2.09195
2.09054
2.09233
2.09515
2.0956
2.09183
2.08562
2.08199
2.08725
2.10613
2.13882
2.18049
2.22268
2.25493
2.26706
2.25256
2.21147
2.15161
2.08681
2.03148
1.99519
1.98021
1.9834
1.99858
2.01804
2.03411
2.04083
2.03602
2.02227
2.00545
1.99159
1.98451
1.98606
1.99743
2.01932
2.05099
2.08927
2.12877
2.16361
2.18889
2.2024
2.20517
2.2015
2.19731
2.19708
2.20193
2.20932
2.21397
2.20918
2.18862
2.14849
2.09028
2.02341
1.96436
1.92899
1.92175
1.93453
1.95453
1.97149
1.98006
1.97967
1.97304
1.96449
1.9582
1.95619
1.95916
1.96947
1.99107
2.02501
2.0656
2.10218
2.12475
2.12847
2.11417
2.08744
2.05724
2.03326
2.02358
2.03267
2.06061
2.10323
2.1529
2.19996
2.23477
2.25003
2.24311
2.21786
2.18363
2.15124
2.12805
2.1155
2.11067
2.10975
2.10999
2.10929
2.10543
2.09669
2.08378
2.07068
2.06292
2.06408
2.07272
2.0827
2.08743
2.08363
2.07117
2.05028
2.02091
1.98453
1.94516
1.9086
1.8811
1.868
1.87287
1.8975
1.94137
1.99926
2.06069
2.11324
2.14709
2.15768
2.1468
2.12233
2.09681
2.08328
2.08928
2.11374
2.14937
2.1874
2.2207
2.24443
2.25551
2.25246
2.2359
2.20918
2.17865
2.15306
2.14096
2.1451
2.16002
2.17708
2.19012
2.1956
2.19051
2.17171
2.13745
2.08934
2.03351
1.97947
1.93674
1.91168
1.90594
1.91746
1.94258
1.97731
2.01729
2.05796
2.09505
2.12562
2.14811
2.16178
2.16626
2.16198
2.15119
2.13774
2.12622
2.12008
2.11987
2.12305
2.12488
2.12021
2.10603
2.08307
2.05561
2.02911
2.00763
1.9923
1.98133
1.97135
1.9598
1.94739
1.93905
1.94237
1.96388
2.00496
2.06001
2.11829
2.16909
2.20576
2.22637
2.23213
2.22595
2.21241
2.19743
2.18638
2.1817
2.18209
2.18426
2.1846
2.17987
2.16767
2.1468
2.11784
2.08292
2.04548
2.00957
1.97947
1.95977
1.95451
1.96541
1.99049
2.02435
2.06069
2.09445
2.1222
2.14124
2.14888
2.14314
2.12404
2.09446
2.05959
2.02521
1.99471
1.96789
1.94261
1.91839
1.89862
1.88998
1.89823
1.92445
1.96549
2.01697
2.07468
2.13369
2.18747
2.22821
2.24853
2.24319
2.21132
2.15767
2.09222
2.02839
1.9802
1.95927
1.97182
2.0155
2.07858
2.14375
2.19494
2.22161
2.21998
2.19228
2.14619
2.09372
2.04823
2.02005
2.01367
2.02889
2.0632
2.11183
2.16697
2.21871
2.25709
2.27519
2.2709
2.24694
2.20926
2.16402
2.11572
2.0674
2.02285
1.988
1.96905
1.968
1.97987
1.99484
2.00476
2.00818
2.01062
2.02043
2.04332
2.07912
2.12158
2.16167
2.19236
2.21216
2.22522
2.23716
2.24992
2.25928
2.25735
2.23795
2.20013
2.14825
2.08973
2.03243
1.98267
1.94341
1.91389
1.89182
1.87589
1.86644
1.86527
1.87463
1.89534
1.92521
1.95915
1.99159
2.01885
2.04028
2.05752
2.07188
2.08251
2.08624
2.07992
2.0629
2.03846
2.0125
1.99124
1.97867
1.97518
1.97818
1.98427
1.99216
2.00454
2.02686
2.06333
2.11262
2.16703
2.21564
2.24889
2.26093
2.25024
2.21971
2.17648
2.12964
2.08728
2.05469
2.0344
2.02577
2.02361
2.01952
2.00648
1.98277
1.95286
1.92553
1.9084
1.90453
1.91458
1.93985
1.98221
2.04189
2.11623
2.1989
2.28132
2.35515
2.41358
2.45198
2.4685
2.46386
2.43994
2.39884
2.34345
2.2794
2.21606
2.16403
2.12999
2.1126
2.1029
2.08947
2.06446
2.02714
1.9839
1.94525
1.92068
1.91491
1.92727
1.95346
1.98732
2.0213
2.04665
2.05569
2.04656
2.02529
2.00286
1.98894
1.98653
1.99243
2.00143
2.00988
2.0161
2.0196
2.02064
2.02059
2.02214
2.02814
2.04028
2.05782
2.07819
2.09831
2.11606
2.1302
2.13942
2.14155
2.13369
2.11364
2.08174
2.04175
2.00047
1.96547
1.94217
1.93192
1.93294
1.9424
1.95768
1.9764
1.99665
2.01746
2.03856
2.05766
2.06964
2.07011
2.06014
2.04717
2.04161
2.04932
2.06664
2.08287
2.08774
2.07747
2.05553
2.03045
2.01171
2.00596
2.01423
2.03224
2.05369
