-3.81992
-3.81863
-3.81766
-3.81766
-3.81896
-3.82057
-3.82219
-3.8209
-3.82188
-3.82448
-3.82189
-3.8219
-3.82189
-3.82253
-3.82381
-3.82316
-3.82413
-3.82575
-3.8251
-3.82608
-3.82478
-3.82576
-3.82641
-3.82577
-3.82739
-3.82415
-3.82512
-3.82349
-3.82122
-3.81993
-3.82122
-3.8209
-3.82123
-3.82285
-3.8235
-3.8261
-3.82448
-3.82415
-3.82155
-3.8209
-3.82025
-3.81993
-3.8222
-3.82252
-3.82285
-3.82059
-3.82156
-3.82059
-3.81929
-3.82221
-3.82415
-3.82383
-3.82189
-3.82091
-3.82383
-3.82285
-3.82155
-3.82155
-3.82285
-3.82285
-3.82123
-3.82155
-3.82123
-3.82155
-3.8209
-3.82058
-3.82155
-3.82025
-3.82154
-3.82219
-3.8209
-3.82155
-3.82058
-3.82155
-3.82252
-3.82414
-3.82252
-3.82251
-3.82251
-3.82413
-3.8251
-3.82412
-3.82444
-3.82639
-3.8264
-3.82478
-3.82413
-3.82154
-3.82348
-3.8238
-3.82218
-3.82315
-3.82186
-3.82348
-3.82251
-3.8196
-3.8183
-3.82122
-3.82154
-3.82218
-3.82444
-3.82509
-3.82477
-3.82477
-3.82477
-3.82315
-3.82444
-3.82444
-3.82249
-3.82346
-3.82217
-3.82055
-3.8212
-3.8225
-3.82055
-3.82023
-3.8212
-3.81959
-3.8225
-3.8225
-3.82121
-3.82509
-3.82282
-3.82217
-3.82444
-3.82185
-3.82152
-3.82346
-3.82314
-3.81957
-3.82184
-3.82185
-3.82218
-3.82444
-3.82638
-3.82411
-3.82443
-3.82378
-3.82216
-3.82022
-3.81893
-3.8199
-3.81893
-3.8186
-3.82281
-3.82151
-3.82022
-3.82119
-3.82119
-3.82249
-3.82281
-3.82249
-3.82378
-3.82249
-3.82217
-3.82184
-3.82152
-3.82378
-3.82216
-3.82378
-3.82571
-3.82797
-3.82667
-3.82539
-3.82378
-3.82411
-3.82217
-3.82088
-3.82056
-3.8212
-3.81989
-3.81762
-3.81761
-3.81761
-3.81567
-3.81632
-3.81535
-3.8173
-3.81892
-3.82119
-3.8212
-3.82119
-3.82151
-3.81697
-3.81794
-3.81989
-3.81827
-3.81924
-3.82021
-3.8228
-3.82377
-3.82636
-3.82378
-3.82281
-3.82151
-3.82021
-3.81892
-3.82118
-3.82248
-3.82344
-3.82344
-3.82183
-3.81989
-3.81989
-3.8199
-3.82152
-3.82412
-3.82217
-3.8241
-3.82377
-3.82376
-3.82344
-3.82183
-3.82087
-3.82281
-3.82086
-3.82053
-3.81826
-3.81632
-3.81858
-3.81761
-3.81794
-3.81988
-3.82086
-3.81957
-3.81957
-3.81989
-3.81892
-3.81956
-3.82085
-3.81922
-3.82084
-3.82149
-3.8215
-3.82021
-3.82378
-3.82313
-3.8215
-3.82247
-3.82246
-3.82084
-3.82084
-3.8189
-3.81793
-3.81794
-3.81859
-3.81924
-3.81827
-3.81762
-3.81794
-3.81858
-3.81728
-3.81664
-3.81729
-3.81891
-3.8215
-3.82344
-3.82215
-3.82344
-3.82149
-3.82117
-3.81858
-3.81987
-3.81987
-3.82084
-3.82279
-3.82214
-3.82344
-3.82149
-3.82149
-3.82182
-3.82182
-3.82053
-3.82214
-3.82117
-3.82311
-3.82343
-3.82245
-3.82214
-3.82376
-3.82117
-3.81924
-3.81729
-3.81859
-3.81923
-3.81954
-3.82181
-3.82148
-3.82246
-3.82247
-3.8241
-3.82377
-3.82377
-3.82409
-3.82312
-3.82409
-3.82474
-3.82052
-3.81987
-3.81825
-3.8202
-3.82053
-3.81891
-3.81923
-3.81988
-3.81825
-3.81761
-3.81858
-3.81923
-3.81826
-3.81955
-3.82052
-3.82084
-3.82051
-3.81889
-3.8189
-3.81696
-3.82085
-3.81988
-3.81989
-3.82021
-3.8215
-3.82311
-3.8257
-3.82635
-3.82602
-3.82634
-3.82634
-3.82504
-3.82374
-3.82213
-3.82278
-3.82473
-3.82473
-3.82538
-3.82344
-3.82247
-3.82181
-3.81987
-3.82116
-3.82116
-3.8231
-3.82375
-3.82278
-3.82375
-3.82278
-3.82214
-3.82182
-3.82312
-3.82345
-3.82312
-3.82085
-3.82085
-3.81922
-3.81825
-3.81696
-3.81696
-3.81923
-3.81955
-3.81728
-3.81922
-3.81955
-3.8202
-3.81989
-3.82022
-3.82087
-3.82119
-3.81924
-3.82085
-3.81987
-3.82084
-3.81923
-3.81794
-3.81794
-3.81892
-3.82086
-3.8202
-3.81988
-3.82118
-3.82183
-3.82086
-3.81989
-3.81891
-3.81794
-3.81859
-3.81762
-3.81827
-3.8173
-3.81632
-3.81567
-3.81794
-3.81632
-3.81892
-3.81989
-3.81924
-3.81891
-3.81924
-3.81892
-3.81925
-3.82152
-3.82411
-3.82443
-3.82442
-3.82118
-3.82118
-3.82442
-3.82507
-3.82313
-3.81924
-3.82119
-3.82217
-3.82411
-3.82411
-3.82346
-3.82216
-3.81924
-3.81925
-3.8186
-3.81957
-3.81957
-3.82086
-3.82053
-3.82085
-3.82117
-3.82376
-3.82086
-3.82216
-3.82378
-3.82475
-3.82507
-3.82151
-3.82118
-3.82053
-3.82021
-3.82021
-3.81988
-3.82021
-3.81957
-3.81892
-3.8186
-3.81924
-3.8202
-3.8202
-3.81891
-3.82054
-3.8212
-3.82346
-3.82411
-3.82378
-3.82312
-3.82311
-3.82343
-3.82278
-3.82181
-3.82085
-3.82086
-3.81924
-3.81989
-3.8186
-3.81892
-3.81957
-3.81925
-3.8199
-3.81859
-3.81728
-3.82084
-3.82051
-3.82117
-3.82183
-3.81989
-3.8186
-3.81407
-3.81407
-3.81439
-3.81406
-3.81244
-3.81276
-3.81439
-3.81697
-3.8173
-3.81794
-3.81761
-3.81695
-3.81695
-3.81598
-3.81695
-3.81696
-3.81729
-3.81729
-3.81859
-3.81989
-3.81924
-3.81923
-3.81923
-3.81857
-3.81921
-3.82148
-3.8231
-3.82245
-3.82375
-3.82408
-3.82408
-3.82311
-3.82441
-3.82538
-3.82505
-3.8244
-3.82311
-3.82052
-3.81955
-3.81793
-3.81631
-3.8163
-3.81663
-3.81566
-3.81566
-3.81663
-3.81695
-3.81662
-3.8163
-3.81437
-3.81632
-3.81665
-3.8173
-3.81989
-3.82215
-3.82182
-3.82084
-3.82084
-3.82052
-3.82052
-3.81987
-3.82214
-3.82116
-3.81858
-3.81923
-3.8228
-3.8228
-3.82215
-3.82053
-3.82118
-3.82215
-3.82182
-3.82246
-3.82246
-3.82051
-3.8189
-3.81858
-3.81761
-3.81988
-3.8202
-3.82052
-3.82117
-3.82019
-3.82214
-3.81987
-3.81987
-3.8202
-3.82085
-3.81956
-3.81794
-3.81826
-3.82052
-3.82214
-3.82117
-3.8215
-3.82182
-3.82279
-3.82441
-3.82344
-3.82117
-3.82214
-3.82214
-3.82149
-3.82215
-3.82248
-3.82151
-3.82119
-3.82087
-3.82087
-3.82118
-3.81988
-3.81825
-3.81987
-3.8202
-3.82247
-3.82215
-3.82248
-3.82054
-3.82086
-3.82086
-3.81988
-3.81988
-3.82084
-3.82182
-3.82214
-3.82246
-3.82246
-3.82473
-3.82668
-3.82668
-3.82506
-3.82344
-3.82473
-3.82603
-3.82506
-3.8257
-3.82408
-3.82247
-3.8215
-3.82021
-3.82053
-3.81957
-3.82183
-3.82312
-3.82246
-3.82472
-3.82536
-3.82472
-3.82343
-3.8215
-3.82215
-3.82182
-3.82214
-3.82311
-3.82214
-3.82181
-3.81825
-3.81857
-3.81922
-3.81695
-3.81922
-3.81761
-3.81923
-3.81924
-3.81859
-3.81729
-3.8189
-3.81857
-3.81759
-3.81856
-3.82018
-3.81824
-3.81953
-3.81922
-3.82019
-3.8202
-3.8202
-3.82149
-3.82051
-3.81889
-3.81856
-3.82017
-3.82147
-3.81985
-3.81921
-3.81856
-3.81889
-3.82019
-3.82245
-3.82018
-3.82114
-3.82179
-3.82049
-3.81985
-3.81791
-3.81986
-3.81921
-3.81921
-3.81921
-3.81889
-3.82245
-3.82147
-3.82179
-3.82082
-3.82211
-3.82146
-3.82016
-3.81887
-3.81661
-3.815
-3.81631
-3.81534
-3.81404
-3.81436
-3.81338
-3.81532
-3.81564
-3.81726
-3.81888
-3.81823
-3.81889
-3.82212
-3.8218
-3.81921
-3.81889
-3.82083
-3.8218
-3.82212
-3.82211
-3.82243
-3.81952
-3.82147
-3.8205
-3.81888
-3.81856
-3.81889
-3.81889
-3.81921
-3.81824
-3.81758
-3.81887
-3.82081
-3.82113
-3.81952
-3.81952
-3.81984
-3.82179
-3.81952
-3.8205
-3.81985
-3.82244
-3.8205
-3.82309
-3.82342
-3.82471
-3.82503
-3.8247
-3.82211
-3.82373
-3.82438
-3.82438
-3.82504
-3.82472
-3.82342
-3.8231
-3.82244
-3.82471
-3.82179
-3.82276
-3.82212
-3.82115
-3.82083
-3.82276
-3.81985
-3.8192
-3.81887
-3.82082
-3.8205
-3.8218
-3.82084
-3.82245
-3.82342
-3.82116
-3.82148
-3.81888
-3.81953
-3.82114
-3.82114
-3.82114
-3.82017
-3.82212
-3.82212
-3.81921
-3.81986
-3.82147
-3.82018
-3.81856
-3.8205
-3.82147
-3.82373
-3.8234
-3.8247
-3.82503
-3.82439
-3.82503
-3.82406
-3.82341
-3.82374
-3.82439
-3.8218
-3.82082
-3.82244
-3.82211
-3.82146
-3.82114
-3.82115
-3.82115
-3.81985
-3.81985
-3.81822
-3.81596
-3.81596
-3.81661
-3.81758
-3.81791
-3.81823
-3.81824
-3.81954
-3.81824
-3.81986
-3.82019
-3.81953
-3.81759
-3.81596
-3.81595
-3.81563
-3.81822
-3.81919
-3.81888
-3.81889
-3.81923
-3.8202
-3.82085
-3.82343
-3.82051
-3.82083
-3.82017
-3.82244
-3.81985
-3.82179
-3.82115
-3.81985
-3.81986
-3.82084
-3.81922
-3.8189
-3.81663
-3.81954
-3.8176
-3.81824
-3.81792
-3.81824
-3.81889
-3.81791
-3.81953
-3.81921
-3.81889
-3.81825
-3.81792
-3.81566
-3.81662
-3.81758
-3.81791
-3.81953
-3.81921
-3.82083
-3.8218
-3.82277
-3.82212
-3.82212
-3.82276
-3.82212
-3.8231
-3.82213
-3.82245
-3.82179
-3.82276
-3.82276
-3.82308
-3.82276
-3.82179
-3.82211
-3.82114
-3.82243
-3.82373
-3.82308
-3.82211
-3.82146
-3.8205
-3.82212
-3.82277
-3.82406
-3.82406
-3.82438
-3.826
-3.82503
-3.82504
-3.82309
-3.82244
-3.82309
-3.82373
-3.82438
-3.82341
-3.8247
-3.82244
-3.82308
-3.82534
-3.82534
-3.82502
-3.82243
-3.8218
-3.82115
-3.82018
-3.82083
-3.82245
-3.82342
-3.82083
-3.81888
-3.81855
-3.8192
-3.8192
-3.82082
-3.82115
-3.82115
-3.82018
-3.8205
-3.82082
-3.81855
-3.81984
-3.82017
-3.81693
-3.8179
-3.81498
-3.8166
-3.81466
-3.81629
-3.81727
-3.81921
-3.81824
-3.81889
-3.82115
-3.8231
-3.82277
-3.82244
-3.82374
-3.82341
-3.82113
-3.81789
-3.81886
-3.81919
-3.81726
-3.81791
-3.81986
-3.81694
-3.81952
-3.81725
-3.81757
-3.81692
-3.8166
-3.81725
-3.81661
-3.81694
-3.81564
-3.81597
-3.81726
-3.8166
-3.81757
-3.8166
-3.81822
-3.81919
-3.82017
-3.82178
-3.82146
-3.8234
-3.8247
-3.82405
-3.82113
-3.82081
-3.82016
-3.81951
-3.81822
-3.81984
-3.82178
-3.82308
-3.82016
-3.82211
-3.82082
-3.82146
-3.82405
-3.82405
-3.82469
-3.82436
-3.82339
-3.82112
-3.82371
-3.82242
-3.82307
-3.82437
-3.82404
-3.82145
-3.82177
-3.8221
-3.82437
-3.82502
-3.82501
-3.82404
-3.82436
-3.8263
-3.82598
-3.82275
-3.82405
-3.82502
-3.82663
-3.82565
-3.82597
-3.82371
-3.82274
-3.82274
-3.82469
