-5.86251
-5.81206
-5.77668
-5.75503
-5.74543
-5.74988
-5.77458
-5.81876
-5.87835
-5.93515
-5.96667
-5.97336
-5.95421
-5.91877
-5.87989
-5.84659
-5.82874
-5.82706
-5.8386
-5.86652
-5.9037
-5.94816
-5.98889
-6.01654
-6.02809
-6.01344
-5.98361
-5.93845
-5.88947
-5.84789
-5.82145
-5.80747
-5.80634
-5.81486
-5.82485
-5.83219
-5.82594
-5.81143
-5.79001
-5.77478
-5.7733
-5.79123
-5.82892
-5.87445
-5.92112
-5.95999
-5.99425
-6.0192
-6.03778
-6.05411
-6.06034
-6.05139
-6.02546
-5.98597
-5.94117
-5.89207
-5.85084
-5.82317
-5.80712
-5.79569
-5.78632
-5.78388
-5.78766
-5.79758
-5.80759
-5.81524
-5.82183
-5.82775
-5.84271
-5.86611
-5.89582
-5.93109
-5.96152
-5.98381
-5.99105
-5.98236
-5.95599
-5.92156
-5.88248
-5.84453
-5.80992
-5.78321
-5.77302
-5.78132
-5.80084
-5.82419
-5.84625
-5.86015
-5.87399
-5.88686
-5.90347
-5.93016
-5.96018
-5.9945
-6.02352
-6.04466
-6.05811
-6.06287
-6.05147
-6.03059
-6.00741
-5.98357
-5.96136
-5.93962
-5.91439
-5.88305
-5.85256
-5.82274
-5.79686
-5.78331
-5.77993
-5.79012
-5.81507
-5.84919
-5.88363
-5.91943
-5.95432
-5.98357
-6.01315
-6.03394
-6.04565
-6.05278
-6.04424
-6.03273
-6.02682
-6.02152
-6.02059
-6.02081
-6.01894
-6.0173
-6.02555
-6.0312
-6.02954
-6.01566
-5.98493
-5.93641
-5.88434
-5.83471
-5.79576
-5.77091
-5.75767
-5.7514
-5.74293
-5.73349
-5.7291
-5.72402
-5.72755
-5.74271
-5.76364
-5.78909
-5.81464
-5.83987
-5.86618
-5.88699
-5.90205
-5.90637
-5.89726
-5.87679
-5.84086
-5.80267
-5.77036
-5.75808
-5.77282
-5.81815
-5.88192
-5.94884
-5.99913
-6.02599
-6.02668
-6.00426
-5.9643
-5.92035
-5.88867
-5.87497
-5.87816
-5.89932
-5.92882
-5.9643
-5.99471
-6.01386
-6.01428
-5.99841
-5.97235
-5.94016
-5.91946
-5.90755
-5.8975
-5.89225
-5.88806
-5.88894
-5.89564
-5.91224
-5.9271
-5.93976
-5.9437
-5.93937
-5.92979
-5.92183
-5.91315
-5.90597
-5.90236
-5.90556
-5.91887
-5.94178
-5.96473
-5.98065
-5.98268
-5.96426
-5.93987
-5.91557
-5.90625
-5.91533
-5.93449
-5.95213
-5.95956
-5.94718
-5.92552
-5.89991
-5.88053
-5.87574
-5.87942
-5.89623
-5.92493
-5.95685
-5.98035
-5.99021
-5.98287
-5.95969
-5.92998
-5.90101
-5.87842
-5.87611
-5.89198
-5.91973
-5.94579
-5.96393
-5.95874
-5.93467
-5.90235
-5.86787
-5.83928
-5.82488
-5.82264
-5.83425
-5.85643
-5.88338
-5.90744
-5.92105
-5.92442
-5.9213
-5.91674
-5.91369
-5.91678
-5.92442
-5.93147
-5.93326
-5.92644
-5.91043
-5.89531
-5.87864
-5.86582
-5.85213
-5.84549
-5.8469
-5.86436
-5.89618
-5.93131
-5.96819
-5.99845
-6.02389
-6.03818
-6.03627
-6.01628
-5.98573
-5.94609
-5.91113
-5.88308
-5.86531
-5.85879
-5.86093
-5.8602
-5.85581
-5.84293
-5.82452
-5.80147
-5.7834
-5.78381
-5.80584
-5.85074
-5.90225
-5.94651
-5.97063
-5.97654
-5.96849
-5.94919
-5.92432
-5.89394
-5.8586
-5.83455
-5.82373
-5.83116
-5.84567
-5.85962
-5.87366
-5.88665
-5.89592
-5.90251
-5.90466
-5.89912
-5.88447
-5.86546
-5.84273
-5.82235
-5.81294
-5.82103
-5.85119
-5.89523
-5.95217
-6.00094
-6.03778
-6.05641
-6.05725
-6.04378
-6.02185
-5.99195
-5.95666
-5.91953
-5.88336
-5.85254
-5.83322
-5.82714
-5.83523
-5.85208
-5.86914
-5.88413
-5.88994
-5.88717
-5.87391
-5.8494
-5.8213
-5.79021
-5.76519
-5.74836
-5.74339
-5.7555
-5.77967
-5.81398
-5.85162
-5.88571
-5.90609
-5.90836
-5.89122
-5.86452
-5.83464
-5.81374
-5.80485
-5.80729
-5.81781
-5.82944
-5.84127
-5.86384
-5.89796
-5.94775
-6.003
-6.04901
-6.0728
-6.07136
-6.05001
-6.02638
-6.00496
-5.99667
-5.99878
-6.01143
-6.02783
-6.03788
-6.0367
-6.02678
-6.02395
-6.03465
-6.04771
-6.0509
-6.04288
-6.02744
-6.00929
-5.9917
-5.96975
-5.94323
-5.90747
-5.86897
-5.8385
-5.82571
-5.82056
-5.82272
-5.82244
-5.82286
-5.83151
-5.85096
-5.87595
-5.90007
-5.91816
-5.9268
-5.92663
-5.92517
-5.92439
-5.93357
-5.95328
-5.97632
-5.99996
-6.02129
-6.04394
-6.05649
-6.05742
-6.04319
-6.01829
-5.98747
-5.95262
-5.91838
-5.87992
-5.83844
-5.79143
-5.74387
-5.69927
-5.66864
-5.65861
-5.67316
-5.69906
-5.73571
-5.76917
-5.79283
-5.8066
-5.81064
-5.81668
-5.8246
-5.8367
-5.85329
-5.87334
-5.89616
-5.91638
-5.9305
-5.9373
-5.94248
-5.9561
-5.98628
-6.03268
-6.08808
-6.13233
-6.15523
-6.14905
-6.11794
-6.07164
-6.02287
-5.98292
-5.95952
-5.95681
-5.97145
-5.99532
-6.01583
-6.03028
-6.03187
-6.02269
-5.99902
-5.95671
-5.89743
-5.82461
-5.75496
-5.71262
-5.7018
-5.72546
-5.76828
-5.8108
-5.84409
-5.85896
-5.86359
-5.85775
-5.84522
-5.82894
-5.81311
-5.79541
-5.77294
-5.74182
-5.70842
-5.67966
-5.66637
-5.67764
-5.71469
-5.77697
-5.85288
-5.9328
-6.00538
-6.06324
-6.0983
-6.10465
-6.0854
-6.04626
-5.99856
-5.95731
-5.93076
-5.91811
-5.91683
-5.93076
-5.95466
-5.98225
-6.0038
-6.01618
-6.01554
-6.00344
-5.9843
-5.96026
-5.93169
-5.90171
-5.8686
-5.83489
-5.8061
-5.78619
-5.77725
-5.78176
-5.7975
-5.82186
-5.85693
-5.90563
-5.96365
-6.02642
-6.0742
-6.09691
-6.09127
-6.05865
-6.00693
-5.94989
-5.89785
-5.85337
-5.81807
-5.7928
-5.78629
-5.79878
-5.833
-5.88562
-5.9431
-5.98841
-6.01902
-6.03245
-6.03218
-6.01933
-5.99754
-5.9751
-5.95594
-5.94276
-5.93857
-5.94017
-5.93754
-5.92705
-5.9016
-5.86862
-5.83833
-5.81732
-5.81351
-5.81874
-5.83615
-5.85954
-5.88388
-5.90191
-5.91191
-5.91579
-5.916
-5.91409
-5.91171
-5.91383
-5.91698
-5.91839
-5.91625
-5.90906
-5.90316
-5.90939
-5.92827
-5.96032
-6.00264
-6.04516
-6.07644
-6.08825
-6.07343
-6.03234
-5.9728
-5.90669
-5.84974
-5.81506
-5.80041
-5.80587
-5.82072
-5.84051
-5.85465
-5.86169
-5.85688
-5.84216
-5.82533
-5.81243
-5.80633
-5.8082
-5.8199
-5.84178
-5.87572
-5.91594
-5.95545
-5.98867
-6.01233
-6.02714
-6.0312
-6.02656
-6.02301
-6.02116
-6.0244
-6.03082
-6.03417
-6.02971
-6.00818
-5.97032
-5.9134
-5.84587
-5.78907
-5.75435
-5.74648
-5.75797
-5.77603
-5.79364
-5.80189
-5.80181
-5.79615
-5.78663
-5.78001
-5.77444
-5.77773
-5.78868
-5.80802
-5.84423
-5.88321
-5.92141
-5.94399
-5.94706
-5.93146
-5.90634
-5.87581
-5.85085
-5.84214
-5.85284
-5.87885
-5.92276
-5.97212
-6.02015
-6.05497
-6.07023
-6.0646
-6.03837
-6.00251
-5.96979
-5.94823
-5.93698
-5.93052
-5.92896
-5.92856
-5.92818
-5.92562
-5.91914
-5.90395
-5.89182
-5.88471
-5.88457
-5.89257
-5.90061
-5.90729
-5.90284
-5.89038
-5.8695
-5.83979
-5.80698
-5.76663
-5.73039
-5.70192
-5.69011
-5.69433
-5.71767
-5.76024
-5.81587
-5.87569
-5.92955
-5.96243
-5.97172
-5.96116
-5.93571
-5.91213
-5.89892
-5.90653
-5.93262
-5.9676
-6.00628
-6.04282
-6.06623
-6.07472
-6.07135
-6.05674
-6.03098
-6.00076
-5.97517
-5.96339
-5.96462
-5.98149
-5.99758
-6.00901
-6.01416
-6.0094
-5.99059
-5.95666
-5.90757
-5.8511
-5.79835
-5.75755
-5.73281
-5.72546
-5.73698
-5.76243
-5.79909
-5.83682
-5.87846
-5.9149
-5.94807
-5.96861
-5.98487
-5.98968
-5.98669
-5.97622
-5.96245
-5.94834
-5.94381
-5.94425
-5.94743
-5.94991
-5.94493
-5.92945
-5.90617
-5.87805
-5.85382
-5.82942
-5.81506
-5.80345
-5.79251
-5.78063
-5.77016
-5.7589
-5.76156
-5.78276
-5.82578
-5.88051
-5.94009
-5.98993
-6.02822
-6.04979
-6.05329
-6.04742
-6.03129
-6.01695
-6.00752
-6.00284
-6.00323
-6.00443
-6.00671
-6.00199
-5.98688
-5.96666
-5.93932
-5.9031
-5.86403
-5.83007
-5.80093
-5.7835
-5.77791
-5.79011
-5.81552
-5.84874
-5.88573
-5.91851
-5.94561
-5.96497
-5.97327
-5.96493
-5.94486
-5.9169
-5.88171
-5.84667
-5.81585
-5.78903
-5.76376
-5.73824
-5.71846
-5.7082
-5.71418
-5.74041
-5.7821
-5.83455
-5.89259
-5.95193
-6.0057
-6.04775
-6.06677
-6.06305
-6.03151
-5.97721
-5.9098
-5.84435
-5.79615
-5.7749
-5.79004
-5.8347
-5.89746
-5.96265
-6.01416
-6.04181
-6.04083
-6.01571
-5.96671
-5.91455
-5.86841
-5.84248
-5.83352
-5.85068
-5.88435
-5.93168
-5.98683
-6.03954
-6.07631
-6.09409
-6.08753
-6.06649
-6.02686
-5.98226
-5.93363
-5.88564
-5.84174
-5.80591
-5.78857
-5.78721
-5.79876
-5.81309
-5.82269
-5.82383
-5.82724
-5.83801
-5.86123
-5.89865
-5.94079
-5.9825
-6.01416
-6.03493
-6.04734
-6.05928
-6.07269
-6.08141
-6.08045
-6.06008
-6.02257
-5.97004
-5.91249
-5.85519
-5.80575
-5.76617
-5.73567
-5.71393
-5.69703
-5.68887
-5.689
-5.6977
-5.71745
-5.74667
-5.77964
-5.81371
-5.84162
-5.86435
-5.88158
-5.89626
-5.90851
-5.91128
-5.90495
-5.886
-5.8609
-5.83559
-5.81497
-5.80304
-5.79859
-5.80289
-5.80671
-5.81524
-5.82988
-5.85221
-5.88835
-5.93505
-5.98882
-6.03679
-6.06908
-6.08177
-6.07269
-6.04313
-5.99731
-5.94852
-5.90584
-5.87389
-5.8536
-5.8466
-5.84476
-5.84067
-5.82666
-5.80327
-5.77368
-5.74408
-5.72824
-5.7247
-5.73151
-5.75775
-5.79719
-5.85849
-5.93089
-6.01518
-6.09858
-6.17436
-6.23182
-6.27087
-6.28966
-6.28695
-6.26271
-6.22129
-6.16718
-6.1028
-6.03719
-5.98192
-5.94885
-5.93179
-5.92016
-5.90739
-5.88432
-5.84408
-5.80343
-5.76249
-5.73825
-5.73183
-5.74387
-5.77071
-5.80393
-5.83824
-5.86229
-5.87166
-5.86382
-5.8419
-5.82042
-5.80554
-5.80475
-5.81162
-5.8216
-5.83167
-5.83756
-5.84301
-5.84534
-5.84464
-5.84327
-5.84895
-5.86044
-5.87733
-5.89641
-5.91815
-5.93784
-5.95328
-5.95959
-5.96366
-5.95451
-5.93511
-5.90579
-5.8658
-5.82516
-5.78983
-5.76555
-5.75304
-5.75665
-5.76482
-5.78075
-5.80077
-5.82069
-5.83891
-5.86034
-5.87977
-5.89402
-5.89513
-5.88516
-5.8712
-5.86597
-5.87562
-5.89262
-5.90562
-5.91179
-5.90248
-5.88216
-5.8561
-5.83768
-5.82967
-5.83697
-5.85498
-5.87838
