1.36172
1.32895
1.30601
1.29158
1.28431
1.2862
1.3016
1.3319
1.37098
1.40711
1.42985
1.43431
1.42154
1.3975
1.37072
1.34895
1.33641
1.33421
1.34233
1.3603
1.38594
1.41493
1.44165
1.46051
1.46713
1.45953
1.43899
1.40997
1.37883
1.35198
1.33349
1.32438
1.32341
1.328
1.33423
1.3374
1.33431
1.32485
1.31231
1.30259
1.30203
1.3142
1.33782
1.36795
1.39884
1.42627
1.44846
1.46574
1.47899
1.48794
1.49079
1.48504
1.46904
1.44337
1.41156
1.37948
1.35286
1.33441
1.32284
1.31523
1.31006
1.30822
1.31095
1.31735
1.32446
1.32977
1.33352
1.33834
1.34744
1.36262
1.38328
1.40636
1.4273
1.44151
1.44568
1.43881
1.42232
1.39936
1.37331
1.34694
1.32321
1.30606
1.29905
1.30329
1.3163
1.33294
1.34808
1.35907
1.36701
1.37537
1.38752
1.40467
1.42555
1.44735
1.46734
1.48338
1.4932
1.49443
1.48662
1.47227
1.45531
1.43899
1.42439
1.4099
1.39308
1.37327
1.35208
1.3322
1.31625
1.30657
1.30517
1.31305
1.32925
1.35113
1.37538
1.39946
1.42208
1.44266
1.46043
1.47429
1.48296
1.48512
1.48094
1.4737
1.46826
1.46645
1.46605
1.4649
1.46387
1.46515
1.46914
1.4729
1.47157
1.46081
1.43903
1.4082
1.37327
1.34062
1.31574
1.30046
1.29249
1.28767
1.28266
1.27659
1.27086
1.26834
1.27155
1.28102
1.29497
1.31107
1.32789
1.34492
1.3616
1.37634
1.38659
1.38968
1.38383
1.36867
1.3458
1.31926
1.29643
1.28674
1.29743
1.32851
1.37209
1.41649
1.4513
1.47007
1.47075
1.45537
1.42961
1.40182
1.3807
1.37157
1.37499
1.38866
1.40898
1.43133
1.45052
1.46178
1.46205
1.45148
1.43389
1.41546
1.40101
1.39178
1.38616
1.382
1.37857
1.37743
1.38125
1.39058
1.40221
1.4113
1.41479
1.41277
1.40725
1.40043
1.39378
1.38835
1.38595
1.38916
1.39932
1.41459
1.42989
1.43942
1.43904
1.42806
1.41051
1.39453
1.38832
1.39459
1.40843
1.42084
1.4245
1.41754
1.40333
1.38776
1.37614
1.37143
1.37454
1.38553
1.40337
1.42399
1.44052
1.44709
1.44198
1.42718
1.40695
1.38678
1.3728
1.37018
1.38033
1.39882
1.41705
1.42677
1.42374
1.40878
1.38659
1.3636
1.34562
1.33602
1.33583
1.34421
1.359
1.37653
1.39214
1.40185
1.40454
1.40224
1.39877
1.3976
1.4001
1.40476
1.40837
1.40784
1.402
1.39219
1.38125
1.37143
1.3631
1.3557
1.35041
1.35135
1.36235
1.38227
1.40611
1.42984
1.4513
1.46827
1.47757
1.4763
1.46384
1.44239
1.41662
1.39202
1.37311
1.3619
1.35777
1.35812
1.35935
1.35771
1.35042
1.33729
1.32149
1.30924
1.308
1.3229
1.35218
1.38652
1.41494
1.43124
1.43518
1.4296
1.41738
1.40015
1.37947
1.35872
1.34312
1.33699
1.34064
1.35009
1.36048
1.36962
1.37785
1.38511
1.38993
1.39071
1.38659
1.37747
1.36394
1.34814
1.33434
1.32828
1.33476
1.35486
1.38551
1.42088
1.45404
1.47859
1.4908
1.4905
1.48045
1.4641
1.44373
1.42043
1.39546
1.37135
1.35167
1.33965
1.33668
1.34164
1.35157
1.36294
1.3725
1.37767
1.37647
1.36806
1.35302
1.33343
1.3127
1.29472
1.28307
1.28041
1.28783
1.30459
1.32789
1.3532
1.37506
1.38843
1.39016
1.38024
1.36245
1.34361
1.33032
1.32526
1.32689
1.33239
1.33992
1.34933
1.36308
1.38561
1.41837
1.45541
1.48586
1.50129
1.50011
1.48718
1.47035
1.45673
1.45055
1.45304
1.46233
1.47326
1.47931
1.47723
1.47105
1.46938
1.47565
1.48392
1.48669
1.48199
1.47235
1.4609
1.44874
1.43475
1.41664
1.39345
1.36843
1.34856
1.33852
1.33616
1.33587
1.33504
1.33575
1.34173
1.35448
1.37135
1.38721
1.39776
1.40179
1.40147
1.4005
1.40214
1.40826
1.41924
1.43417
1.45122
1.46803
1.48183
1.48955
1.48887
1.47939
1.46322
1.44354
1.42225
1.39942
1.37421
1.34591
1.31457
1.28201
1.25249
1.23186
1.22496
1.23293
1.25214
1.2757
1.29692
1.31205
1.32102
1.32609
1.33033
1.33604
1.34433
1.35539
1.36897
1.38397
1.39787
1.40772
1.41247
1.41549
1.42394
1.44405
1.47584
1.51169
1.54075
1.55451
1.54996
1.52944
1.49901
1.4665
1.43966
1.42449
1.42333
1.43373
1.44964
1.46439
1.47359
1.47552
1.46918
1.45297
1.42498
1.38502
1.33735
1.29179
1.26118
1.25419
1.26953
1.29763
1.32727
1.35033
1.36326
1.36635
1.36224
1.35411
1.34434
1.33357
1.32069
1.30398
1.28302
1.26032
1.24137
1.23295
1.24046
1.26581
1.30668
1.35728
1.41034
1.45872
1.49643
1.51894
1.52361
1.51078
1.48469
1.45332
1.4254
1.40618
1.39667
1.39625
1.40467
1.42039
1.43878
1.45379
1.46118
1.46011
1.45226
1.43993
1.42476
1.40745
1.38811
1.36711
1.34572
1.32653
1.31305
1.30773
1.31074
1.32058
1.33661
1.36021
1.39289
1.43285
1.4734
1.50503
1.51974
1.51426
1.491
1.45674
1.41936
1.38467
1.35524
1.3317
1.31528
1.30944
1.31841
1.34295
1.37759
1.41354
1.44374
1.46458
1.47461
1.474
1.46479
1.45048
1.43509
1.42232
1.41483
1.41311
1.4144
1.41329
1.40478
1.38759
1.3654
1.34478
1.33142
1.32759
1.33258
1.34418
1.35956
1.37535
1.38823
1.39598
1.39835
1.39698
1.39463
1.3937
1.39489
1.39677
1.39706
1.39456
1.39041
1.38799
1.3915
1.40409
1.42588
1.45366
1.48179
1.50328
1.51137
1.5017
1.47431
1.43441
1.39121
1.35432
1.33013
1.32014
1.32227
1.33238
1.34536
1.35608
1.36055
1.35735
1.34818
1.33697
1.32773
1.32301
1.32404
1.33162
1.34621
1.36732
1.39284
1.41918
1.44241
1.45926
1.46827
1.47012
1.46767
1.46487
1.46472
1.46795
1.47288
1.47598
1.47279
1.45908
1.43232
1.39352
1.34894
1.30957
1.28599
1.28117
1.28969
1.30302
1.31433
1.32004
1.31978
1.31536
1.30966
1.30547
1.30412
1.30611
1.31298
1.32738
1.35
1.37707
1.40145
1.4165
1.41898
1.40945
1.39163
1.37149
1.3555
1.34905
1.35511
1.37374
1.40215
1.43527
1.46664
1.48985
1.50002
1.49541
1.47857
1.45575
1.43416
1.4187
1.41034
1.40711
1.4065
1.40666
1.40619
1.40362
1.3978
1.38918
1.38045
1.37528
1.37605
1.38181
1.38847
1.39162
1.38909
1.38078
1.36686
1.34727
1.32302
1.29677
1.2724
1.25407
1.24534
1.24858
1.265
1.29425
1.33284
1.37379
1.40883
1.43139
1.43845
1.4312
1.41489
1.39787
1.38886
1.39285
1.40916
1.43291
1.45827
1.48046
1.49629
1.50367
1.50164
1.4906
1.47279
1.45243
1.43538
1.42731
1.43007
1.44002
1.45139
1.46008
1.46373
1.46034
1.4478
1.42496
1.39289
1.35568
1.31965
1.29116
1.27445
1.27063
1.27831
1.29506
1.3182
1.34486
1.37197
1.3967
1.41708
1.43207
1.44118
1.44418
1.44132
1.43412
1.42516
1.41748
1.41339
1.41325
1.41537
1.41658
1.41348
1.40402
1.38871
1.3704
1.35274
1.33842
1.3282
1.32089
1.31424
1.30653
1.29826
1.2927
1.29491
1.30926
1.33664
1.37334
1.41219
1.44606
1.47051
1.48425
1.48809
1.48396
1.47494
1.46495
1.45759
1.45447
1.45473
1.45617
1.4564
1.45325
1.44511
1.4312
1.4119
1.38861
1.36365
1.33971
1.31965
1.30651
1.303
1.31027
1.32699
1.34957
1.3738
1.3963
1.4148
1.42749
1.43259
1.42876
1.41603
1.3963
1.37306
1.35014
1.32981
1.31192
1.29508
1.27893
1.26574
1.25999
1.26549
1.28297
1.31033
1.34465
1.38312
1.42246
1.45831
1.48547
1.49902
1.49546
1.47421
1.43845
1.39481
1.35226
1.32013
1.30618
1.31455
1.34367
1.38572
1.42917
1.46329
1.48107
1.47999
1.46152
1.4308
1.39581
1.36549
1.3467
1.34245
1.35259
1.37547
1.40789
1.44465
1.47914
1.50472
1.5168
1.51393
1.49796
1.47284
1.44268
1.41048
1.37827
1.34857
1.32533
1.3127
1.312
1.31991
1.32989
1.33651
1.33878
1.34041
1.34695
1.36221
1.38608
1.41439
1.44111
1.46157
1.47477
1.48348
1.49144
1.49995
1.50619
1.5049
1.49197
1.46675
1.43217
1.39315
1.35496
1.32178
1.29561
1.27592
1.26121
1.25059
1.24429
1.24351
1.24975
1.26356
1.28347
1.3061
1.32772
1.3459
1.36019
1.37168
1.38125
1.38834
1.39083
1.38661
1.37527
1.35897
1.34167
1.32749
1.31911
1.31679
1.31879
1.32285
1.32811
1.33636
1.35124
1.37555
1.40841
1.44469
1.47709
1.49926
1.50729
1.50016
1.47981
1.45099
1.41976
1.39152
1.36979
1.35626
1.35052
1.34907
1.34635
1.33766
1.32185
1.3019
1.28369
1.27226
1.26969
1.27638
1.29323
1.32147
1.36126
1.41082
1.46593
1.52088
1.5701
1.60905
1.63466
1.64567
1.64257
1.62663
1.59923
1.5623
1.5196
1.47738
1.44268
1.41999
1.4084
1.40193
1.39298
1.37631
1.35143
1.3226
1.29683
1.28045
1.27661
1.28485
1.30231
1.32488
1.34754
1.36443
1.37046
1.36437
1.35019
1.33524
1.32596
1.32436
1.32829
1.33429
1.33992
1.34406
1.3464
1.34709
1.34706
1.34809
1.35209
1.36019
1.37188
1.38546
1.39887
1.41071
1.42014
1.42628
1.4277
1.42246
1.4091
1.38783
1.36117
1.33365
1.31031
1.29478
1.28795
1.28863
1.29493
1.30512
1.3176
1.3311
1.34497
1.35904
1.37178
1.37976
1.38008
1.37343
1.36478
1.36107
1.36621
1.37776
1.38858
1.39183
1.38498
1.37036
1.35363
1.34114
1.33731
1.34282
1.35483
1.36913
