0.015 0 0
0.045 0 0
0.075 0 0
0.105 0 0
0.135 0 0
0.165 0 0
0.195 0 0
0.225 0 0
0.255 0 0
0.285 0 0
0.315 0 0
0.345 0 0
0.375 0 0
0.405 0 0
0.435 0 0
0.465 0 0
0.495 0 0
0.525 0 0
0.555 0 0
0.585 0 0
0.615 0 0
0.645 0 0
0.675 0 0
0.705 0 0
0.735 0 0
0.765 0 0
0.795 0 0
0.825 0 0
0.855 0 0
0.885 0.908062 0.0800393
0.915 17.099 1.00401
0.945 104.398 5.85689
0.975 326.302 18.2135
1.005 613.398 34.9686
1.035 924.947 53.0307
1.065 1077.08 61.1904
1.095 1150.75 65.3337
1.125 1096.19 63.1703
1.155 1016.9 59.6772
1.185 950.128 54.3285
1.215 889 50.805
1.245 785.889 45.5433
1.275 739.541 43.1659
1.305 685.104 39.9528
1.335 642.939 37.1919
1.365 602.523 35.2871
1.395 582.512 33.4423
1.425 551.672 31.9718
1.455 519.114 30.4514
1.485 511.675 29.6949
1.515 505.921 29.0309
1.545 500.133 28.3381
1.575 477.063 27.6563
1.605 460.107 26.5959
1.635 445.936 26.269
1.665 467.848 26.9061
1.695 472.724 27.0732
1.725 468.694 27.0155
1.755 479.199 27.8833
1.785 479.879 28.0844
1.815 483.181 28.2508
1.845 502.083 29.4898
1.875 503.914 29.64
1.905 521.011 30.2248
1.935 531.161 30.4974
1.965 557.237 32.2203
1.995 545.799 31.8294
2.025 577.117 33.0568
2.055 585.994 33.3082
2.085 600.711 34.0974
2.115 590.673 33.8114
2.145 595.129 34.3903
2.175 602.207 34.7486
2.205 594.542 34.6148
2.235 593.136 34.7609
2.265 578.471 33.9688
2.295 587.752 34.2275
2.325 587.669 33.6666
2.355 584.93 33.4138
2.385 576.632 33.1362
2.415 561.419 32.5661
2.445 548.172 31.7879
2.475 549.821 31.7051
2.505 543.324 31.3995
2.535 538.275 31.0876
2.565 538.824 31.2604
2.595 539.369 31.2866
2.625 536.683 31.1462
2.655 547.546 31.6779
2.685 538.519 31.1333
2.715 545.544 30.9196
2.745 545.577 31.1502
2.775 545.867 31.3507
2.805 535.005 30.6705
2.835 543.129 31.2079
2.865 548.146 31.7958
2.895 545.44 31.8758
2.925 540.543 31.6833
2.955 540.583 31.5266
2.985 546.782 31.7531
