129.116
122.292
113.14
106.036
106.036
105.218
97.0324
95.2522
88.1185
85.9461
84.9295
83.6047
79.7602
78.7271
77.4418
77.4418
77.0742
74.9798
71.4317
69.7212
69.7212
69.7212
68.6338
68.6338
67.5872
67.5872
67.5872
67.5872
67.5872
66.9969
66.9969
66.9969
66.5013
66.5013
66.4824
66.4824
65.67
65.67
65.67
65.67
65.67
65.67
65.67
65.1476
65.1476
64.7342
64.7342
64.7342
64.7342
64.3503
64.3503
64.3503
64.3503
64.3362
64.3362
64.3362
64.3362
63.9006
61.987
61.987
61.5514
61.5514
60.2786
60.2786
60.2786
59.2266
59.2266
58.3367
58.3367
58.3367
58.3367
58.3367
58.3367
56.7746
56.7746
56.7746
56.7746
56.7746
56.7746
56.7746
56.7746
56.7746
56.7746
56.7746
56.7746
56.7746
56.7746
56.7746
56.7746
56.7746
56.7746
56.7746
56.7746
56.7746
56.7746
56.7746
56.7746
56.7746
56.7746
56.7746
56.7746
56.7746
56.7746
56.7746
56.7746
56.7746
56.7746
56.7746
56.7746
56.7746
56.7746
56.3819
56.3819
56.3819
56.3819
56.3819
56.3819
56.3819
56.3819
56.3819
56.3819
56.3819
56.3819
56.3819
56.3819
56.3819
56.3819
56.3819
56.3819
56.3819
56.3819
56.3819
56.3819
56.3819
56.3819
56.3819
56.3819
56.3819
56.3819
56.3819
56.3819
56.3819
56.3819
56.3819
56.2589
56.2589
56.2589
56.2589
56.2589
56.2589
56.2589
56.2589
56.2589
56.2589
56.2589
56.2589
56.2589
56.2589
56.2589
56.2589
56.2589
56.2589
56.2589
56.2589
56.2589
56.2589
56.2589
56.2589
56.2589
56.2589
56.2589
56.2589
56.2589
56.2589
56.2589
56.2589
56.2589
56.2589
56.2589
56.2589
56.2589
56.2589
56.2589
56.2589
56.2589
56.2589
56.2589
56.2589
56.2589
56.2589
56.2589
56.2589
56.2589
56.2589
56.2589
56.2589
56.2589
56.2589
56.2589
56.2589
56.2589
56.2589
56.2589
56.2589
56.2589
56.2589
56.2589
56.2589
56.2589
56.2589
56.2589
56.2589
56.2589
56.2589
56.2589
56.2589
56.2589
56.2589
56.2589
56.2589
56.2589
56.2589
56.2589
56.2589
56.2589
56.2589
56.2589
56.2589
56.2589
56.2589
56.2589
56.2589
56.2589
56.2589
56.2589
56.2589
56.2589
56.2589
56.2589
56.2589
56.2589
56.2589
56.2589
56.2589
56.2589
56.2589
56.2589
56.2589
56.2589
56.2589
56.2589
56.2589
56.2589
56.2589
56.2589
56.2589
56.2589
56.2589
56.2589
56.2589
56.2589
56.2589
56.2589
56.2589
56.2589
56.2589
56.2589
56.2589
56.2589
56.2589
56.2589
56.2589
56.2589
56.2589
56.2589
56.2589
56.2589
56.2589
56.2589
56.2589
56.2589
56.2589
56.2589
56.2589
56.2589
56.2589
56.2589
56.2589
56.2589
56.2589
56.2589
56.2589
56.2589
56.2589
56.2589
56.2589
56.2589
56.2589
56.2589
56.2589
56.2589
56.2589
56.2589
56.2589
56.2589
56.2589
56.2589
56.2589
56.2589
56.2589
56.2589
56.2589
56.2589
56.2589
56.2589
56.2589
56.2589
56.2589
56.2589
56.2589
56.2589
56.2589
56.2589
56.2589
56.2589
56.2589
56.2589
56.2589
56.2589
56.2589
56.2589
56.2589
56.2589
56.2589
56.2589
56.2589
56.2589
56.2589
56.2589
56.2589
56.2589
56.2589
56.2589
56.2589
56.2589
56.2589
56.2589
56.2589
56.2589
56.2589
56.2589
56.2589
56.2589
56.2589
56.2589
56.2589
56.2589
56.2589
56.2589
56.2589
56.2589
56.2589
56.2589
56.2589
56.2589
56.2589
56.2589
56.2589
56.2589
56.2589
56.2589
56.2589
56.2589
56.2589
56.2589
56.2589
56.2589
56.2589
56.2589
56.2589
56.2589
56.2589
56.2589
56.2589
56.2589
56.2589
56.2589
56.2589
56.2589
56.2589
56.2589
56.2589
56.2589
56.2589
56.2589
56.2589
56.2589
56.2589
56.2589
56.2589
56.2589
56.2589
56.2589
56.2589
56.2589
56.2589
56.2589
56.2589
56.2589
56.2589
56.2589
56.2589
56.2589
56.2589
56.2589
56.2589
56.2589
56.2589
56.2589
56.2589
56.2589
56.2589
56.2589
56.2589
56.2589
56.2589
56.2589
56.2589
56.2589
56.2589
56.2589
56.2589
56.2589
56.2589
56.2589
56.2589
56.2589
56.2589
56.2589
56.2589
56.2589
56.2589
56.2589
56.2589
56.2589
56.2589
56.2589
56.2589
56.2589
56.2589
56.2589
56.2589
56.2589
56.2589
56.2589
56.2589
56.2589
56.2589
56.2589
56.2589
56.2589
56.2589
55.4326
54.892
54.892
54.892
54.892
54.892
54.892
54.892
54.892
54.892
54.892
54.892
54.892
54.892
54.892
54.892
54.892
54.892
54.892
54.892
54.892
54.892
54.892
54.892
54.892
54.892
54.892
54.892
54.892
54.892
54.892
54.892
54.892
54.892
54.892
54.892
54.892
54.892
54.892
54.892
54.892
54.892
54.892
53.4846
53.4846
53.4846
53.4846
53.4846
53.4846
53.4846
53.4846
53.4846
53.4846
53.4846
53.4846
53.4846
53.4846
53.4846
53.4846
53.4846
53.4846
53.4846
53.4846
53.4846
53.4846
53.4846
53.4846
53.4846
53.4846
53.4846
53.4846
53.4846
53.4846
53.4846
53.4846
53.4846
53.4846
53.4846
53.4846
53.4846
53.4846
53.4846
53.4846
53.4846
53.4846
53.4846
53.4846
53.4846
53.4846
53.4846
53.4846
53.4846
53.4846
53.4846
53.4846
53.4846
53.4846
53.4846
53.4846
53.4846
53.4846
53.4846
53.4846
53.4846
53.4846
53.4846
53.4846
53.4846
53.4846
53.4846
53.4846
53.4846
53.4846
53.4846
53.4846
53.4846
53.4846
53.4846
53.4846
53.4846
53.4846
53.4846
53.4846
53.4846
53.4846
53.4846
53.4846
53.4846
53.4846
53.4846
53.4846
53.4846
53.4846
53.4846
53.4846
53.4846
53.4846
53.4846
53.4846
53.4846
53.4846
53.4846
53.4846
53.4846
53.4846
53.4846
53.4846
53.4846
53.4846
53.4846
53.4846
53.4846
53.4846
53.4846
53.4846
53.4846
53.4846
53.4846
53.4846
53.4846
53.4846
53.4846
53.4846
53.4846
53.4846
53.4846
53.4846
53.4846
53.4846
53.4846
53.4846
53.4846
53.4846
53.4846
53.4846
53.4846
53.4846
53.4846
53.4846
53.4846
53.4846
53.4846
53.4846
53.4846
53.4846
53.4846
53.4846
53.4846
53.4846
53.4846
53.4846
53.4846
53.4846
53.4846
53.4846
53.4846
53.4846
53.4846
53.4846
53.4846
53.4846
53.4846
53.4846
53.4846
53.4846
53.4846
53.4846
53.4846
53.4846
53.4846
53.4846
53.4846
53.4846
53.4846
53.4846
53.4846
53.4846
53.4846
53.4846
53.4846
53.4846
53.4846
53.4846
53.4846
53.4846
53.4846
53.4846
53.4846
53.4846
53.4846
53.4846
53.4846
53.4846
53.4846
53.4846
53.4846
53.4846
53.4846
53.4846
53.4846
53.4846
53.4846
53.4846
53.4301
53.4301
53.4301
53.4301
53.4301
53.4301
53.4301
53.4301
53.4301
53.4301
53.4301
53.4301
53.4301
53.4301
53.4301
53.4301
53.4301
53.4301
53.4301
53.4301
53.4301
53.4301
53.4301
52.3669
52.3669
52.3669
52.3669
52.3669
52.3669
52.3669
52.3669
52.3669
52.3669
52.3669
52.3669
52.3669
52.3669
52.3669
52.3669
52.3669
52.3669
52.3669
52.3669
52.3669
52.3669
52.3669
52.3669
52.3669
52.3669
52.3669
52.3669
52.3669
52.3669
52.3669
52.3669
52.3669
52.3669
52.3669
52.3669
52.3669
52.3669
52.3669
52.3669
52.3669
52.3669
52.3669
52.3669
52.3669
52.3669
52.3669
52.3669
52.3669
52.3669
52.3669
52.3669
52.3669
52.3669
52.3669
52.3669
52.3669
52.3669
52.3669
52.3669
52.3669
52.3669
52.3669
52.3669
52.3669
52.3669
52.3669
52.3669
52.3669
52.3669
52.3669
52.3669
52.3669
52.3669
52.3669
52.3669
52.3669
52.3669
52.1698
52.1698
52.1698
52.1698
52.1698
52.1698
52.1698
52.1698
52.1698
52.1698
52.1698
52.1698
52.1698
52.1698
52.1698
52.1698
52.1698
52.1698
52.1698
52.1698
52.1698
52.1698
52.1698
52.1698
52.1698
52.1698
52.1698
52.1698
52.1698
52.1698
52.1698
52.1698
52.1698
52.1698
52.1698
52.1698
52.1698
52.1698
52.1698
52.1698
52.1698
52.1698
52.1698
52.1698
52.1698
52.1698
52.1698
52.1698
52.1698
52.1698
52.1698
52.1698
52.1698
52.1698
52.1698
52.1698
52.1698
52.1698
52.1698
52.1698
52.1698
52.1698
52.1698
52.1698
52.1698
52.1698
52.1698
52.1698
52.1698
52.1698
52.1698
52.1698
52.1698
52.1698
52.1698
52.1698
52.1698
52.1698
52.1698
52.1698
52.1698
52.1698
52.1698
52.1698
52.1698
52.1698
52.1698
52.1698
52.1698
52.1698
52.1698
52.1698
52.1698
52.1698
52.1698
52.1698
52.1698
52.1698
52.1698
52.1698
52.1698
52.1698
52.1698
52.1698
52.1698
52.1698
52.1698
52.1698
52.1698
52.1698
52.1698
52.1698
52.1698
52.1698
52.1698
52.1698
52.1698
52.1698
52.1698
52.1698
52.1698
52.1698
52.1698
52.1698
52.1698
52.1698
52.1698
52.1698
52.1698
52.1698
52.1698
52.1698
52.1698
52.1698
52.1698
52.1698
52.1698
52.1698
52.1698
52.1698
52.1698
52.1698
52.1698
52.1698
52.1698
52.1698
52.1698
52.1698
52.1698
52.1698
52.1698
52.1698
52.1698
52.1698
52.1698
52.1698
52.1698
52.1698
52.1698
52.1698
52.1698
52.1698
52.1698
52.1698
52.1698
52.1698
52.1698
52.1698
52.1698
52.1698
52.1698
52.1698
52.1698
52.1698
52.1698
52.1698
52.1698
52.1698
52.1698
52.1698
52.1698
52.1698
52.1698
52.1698
52.1698
52.1698
52.1698
52.1698
52.1698
52.1698
52.1698
52.1698
52.1698
52.1698
52.1698
52.1698
52.1698
52.1698
52.1698
52.1698
52.1698
52.1698
52.1698
52.1698
52.1698
52.1698
52.1698
52.1698
52.1698
52.1698
52.1698
52.1698
52.1698
52.1698
52.1698
52.1698
52.1698
52.1698
52.1698
52.1698
52.1698
52.1698
52.1698
52.1698
52.1698
52.1698
52.1698
52.1698
52.1698
52.1698
52.1698
52.1698
52.1698
52.1698
52.1698
52.1698
52.1698
52.1698
52.1698
52.1698
52.1698
52.1698
52.1698
52.1698
52.1698
52.1698
52.1698
52.1698
52.1698
52.1698
52.1698
52.1698
52.1698
52.1698
52.1698
52.1698
52.1698
52.1698
52.1698
52.1698
52.1698
52.1698
52.1698
52.1698
52.1698
52.1698
52.1698
52.1698
52.1698
52.1698
52.1698
52.1698
52.1698
52.1698
52.1698
52.1698
52.1698
52.1698
52.1698
52.1698
52.1698
52.1698
52.1698
52.1698
52.1698
52.1698
52.1698
52.1698
52.1698
52.1698
52.1698
52.1698
52.1698
52.1698
52.1698
51.8499
51.8499
51.6249
51.6249
51.5354
51.5354
51.5354
51.5354
51.5354
51.5354
51.5354
51.5354
51.5354
51.5354
51.5354
51.5354
51.5354
51.5354
51.5354
51.5354
51.5354
51.5354
51.5354
51.5354
51.5354
51.5354
51.5354
51.5354
51.5354
51.5354
51.5354
51.5354
51.5354
51.5354
51.5354
51.5354
51.5354
51.5354
51.5354
51.5354
51.5354
51.5354
51.5354
51.5354
51.5354
51.5354
51.5354
51.5354
51.5354
51.5354
51.5354
51.5354
51.5354
51.5354
51.5354
51.5354
51.5354
51.5354
51.5354
51.5354
51.5354
51.5354
51.5354
51.5354
51.5354
51.5354
51.5354
51.5354
51.5354
51.5354
51.5354
51.5354
51.5354
51.5354
51.5354
51.5354
51.5354
51.5354
51.5354
51.5354
51.5354
51.5354
51.5354
51.5354
51.5354
51.5354
51.5354
51.5354
51.5354
51.5354
51.5354
51.5354
51.3129
51.3129
51.3129
51.3129
51.3129
51.3129
51.3129
