163.026
154.119
145.251
137.66
129.196
123.126
118.665
114.196
111.69
109.164
106.707
105.367
102.373
99.5321
96.4911
94.4256
93.1852
91.7884
90.7588
89.3153
87.5071
88.0002
88.0271
87.383
86.8379
85.3113
85.0376
84.2918
83.1972
83.3162
84.1643
82.502
83.0031
83.1407
82.322
81.9832
82.1784
80.6189
80.682
80.1817
80.9922
80.2406
81.0277
80.5375
80.8222
80.2365
80.5284
80.0716
78.9579
80.4717
80.6211
80.4507
80.0623
81.0028
80.7371
79.9422
78.714
78.1761
78.6821
79.0769
77.6437
77.7523
77.2543
76.7926
75.5454
75.5905
75.4324
75.2856
76.2749
76.5451
75.9542
75.4515
75.3626
74.8851
74.7521
73.9774
73.4033
73.1716
73.4119
73.8562
72.616
72.1076
72.5692
73.0396
73.1291
72.8521
73.3649
73.2265
72.8988
71.9775
70.974
70.7698
71.0866
71.8975
71.7885
72.2075
71.8793
71.9291
72.6044
72.6024
72.6034
71.8998
72.6352
73.0971
73.9211
74.4679
74.0728
73.4011
72.7075
73.889
73.2542
72.8593
71.9517
72.7765
72.9884
73.5911
73.4226
72.7422
73.3723
73.0574
73.3444
75.1616
74.4807
73.3791
73.1917
73.7899
74.2133
73.5859
72.7026
74.0339
72.9652
73.0901
73.4359
72.683
73.6308
72.6165
72.8006
73.0133
73.6962
73.2132
74.6976
73.4379
73.2095
73.6657
72.8001
73.2506
72.4947
71.8183
71.346
71.629
72.2674
72.3131
72.7325
73.6555
73.1578
73.3189
73.318
73.2121
73.7756
73.2022
73.1537
72.6303
73.2194
73.1261
72.5271
72.6404
71.711
72.5485
73.8876
73.4157
72.289
72.6392
73.3231
73.9945
73.8837
73.6094
72.4483
71.3607
72.9281
73.1589
72.1879
73.5343
73.0436
72.4137
72.5752
72.5137
72.804
72.799
72.7146
72.6211
72.0691
72.0226
72.1344
72.6468
72.8283
72.8301
72.9858
72.3529
71.5663
72.2974
72.2087
72.2674
72.4948
72.8665
73.0922
73.0633
73.3381
73.5202
73.2241
73.2415
73.3847
74.0116
72.9269
73.0146
72.7384
74.563
73.9052
73.3619
72.623
73.6219
73.2413
73.0381
72.5383
71.9235
71.7736
72.9206
72.2271
72.1477
72.4731
73.3951
72.9887
74.2141
73.5328
75.1501
74.4426
73.7395
73.6012
72.1533
72.6128
72.6083
73.025
72.1456
73.0759
72.7076
74.1018
73.0354
73.3772
73.7361
73.5765
74.1014
73.5601
71.8577
71.3597
72.0196
72.3255
72.7722
73.8277
73.6349
73.0719
72.8946
73.1725
73.662
74.2014
74.0516
73.4229
72.9742
72.7551
72.2701
72.9462
73.0392
73.076
72.9627
73.3922
74.2111
73.3596
74.3441
73.9494
73.8798
72.4026
72.1033
73.9381
74.1544
73.8744
72.7937
72.7327
72.4488
71.6359
72.3074
72.4554
72.266
73.1938
73.9306
72.9049
72.9382
73.8637
72.2608
72.7414
72.8537
73.6497
73.9075
73.6048
73.2364
73.3964
74.3732
73.4346
73.3196
73.0876
72.8374
72.6572
71.7796
72.3519
72.3717
73.7595
73.1335
73.4484
73.5712
72.8347
72.4546
73.5698
73.8414
74.0144
73.8023
73.3199
73.5944
72.9201
73.0746
72.8155
72.7546
72.5592
71.8959
72.2921
71.8874
72.4248
72.576
73.3155
72.8936
73.1945
74.038
73.5717
72.7627
71.9923
72.6426
73.4133
73.1521
74.5609
74.4511
75.4259
75.612
76.0342
76.416
74.244
74.4596
74.3317
74.3435
74.8707
74.1638
74.2632
73.0782
73.0486
72.3243
72.8232
72.9877
73.5282
73.3053
74.0641
72.5306
73.4707
73.2124
72.7509
73.0559
72.0818
72.8085
73.2579
73.0109
72.3985
73.1714
72.0317
72.1738
72.3874
74.0948
72.6324
72.2883
72.8245
73.5545
74.462
73.8844
73.0378
74.6468
73.9597
73.4154
73.1239
72.4018
71.469
72.9672
72.381
73.2637
73.8421
72.9909
74.6951
75.2505
75.1404
73.8263
74.5413
73.0865
73.3203
72.6472
72.5634
72.0388
71.6259
72.9772
72.8449
72.7095
73.9986
73.5788
73.7666
73.9665
72.933
73.7852
73.7059
73.7086
74.2181
74.5566
73.6676
72.8031
72.0373
73.3334
73.0098
72.2693
73.3643
74.229
74.0558
74.7229
74.1759
74.2492
74.5922
73.983
73.5823
73.7994
74.3945
74.2181
74.3335
75.4423
75.398
74.7202
74.2073
73.7623
74.2964
74.2866
72.3651
71.5432
72.312
72.0882
72.8608
73.3084
72.7314
73.0976
72.5716
71.7232
71.9019
71.9241
72.0593
72.3956
72.5324
72.9436
73.7674
73.7041
74.4026
73.8404
72.9899
72.0701
72.1732
72.604
71.0475
70.8497
71.7124
71.4587
71.6192
70.694
69.3144
69.7492
70.1092
70.0939
69.9268
69.7553
70.1506
70.4172
70.7077
70.4254
70.3248
70.496
70.8023
71.7116
72.1218
72.0734
71.4823
71.1165
73.1907
71.3752
71.1759
71.6892
70.665
71.371
70.7423
70.5092
70.3796
70.532
70.395
71.0962
70.8029
72.1473
72.9251
72.973
73.0772
73.3583
72.0022
72.046
71.1704
71.9118
72.1926
71.5915
71.371
71.208
71.5041
72.1015
72.6321
72.7042
73.318
72.28
72.8643
71.0665
70.7783
70.3111
70.4584
71.0506
69.7702
70.9786
71.8865
71.1329
71.5411
72.0115
72.5882
72.2602
70.8408
71.2134
71.3441
71.1566
70.2871
69.8059
70.5954
70.6443
71.7408
72.0332
72.8172
73.3387
71.7324
72.1236
72.2108
72.6866
72.4121
72.675
72.1306
71.934
72.0697
72.5336
73.3504
71.457
71.6197
72.3611
74.1978
71.541
71.0332
71.6716
71.1111
72.03
71.4154
70.7887
71.348
71.6218
71.9402
71.6284
71.7931
71.8128
72.4364
73.0498
72.8488
70.9896
71.1641
72.9611
72.662
71.45
70.594
70.9867
71.8727
71.7948
71.5797
72.1346
72.1532
72.484
72.5582
72.1637
71.0967
71.133
71.7785
71.4683
72.0486
72.8561
73.2209
72.1385
72.2133
71.2736
71.4926
72.1665
72.5896
71.9618
72.1871
72.2148
73.0118
72.6418
72.9741
72.2763
71.5136
71.9025
72.6992
73.5345
73.2771
71.6387
70.5968
71.0199
70.7188
70.8816
71.0111
72.2582
71.423
71.6175
71.3243
71.2362
70.9214
70.9108
72.2086
70.9966
70.4694
71.0123
72.6531
72.3673
72.8196
72.0651
72.502
73.0085
72.9161
71.9419
72.41
72.5619
71.5046
70.7397
70.8468
70.7628
72.5501
71.599
71.4389
71.8515
72.1243
71.3802
71.7323
71.209
70.6886
70.3991
71.2358
70.164
71.1224
72.0867
72.5848
71.6131
71.1134
70.9661
71.3562
70.6832
71.0992
72.3825
72.3907
71.8551
71.2411
72.0117
71.7143
72.4097
71.7861
71.282
71.6606
71.3571
72.1025
71.978
71.6497
71.7765
72.201
71.6163
71.2305
70.4464
70.6234
70.4887
70.9218
72.4756
71.7965
72.5895
72.2038
71.922
71.4341
71.1894
72.4168
72.7905
73.9088
73.7731
73.5301
72.3347
72.7522
71.9323
70.4138
71.2478
71.3245
70.9979
70.3102
69.594
70.4222
71.6457
71.2386
71.4727
70.7904
70.1812
69.875
69.7568
71.6
71.4536
70.8664
70.6968
71.7721
71.9387
72.9912
72.8849
71.716
71.513
70.8955
71.3693
69.4228
69.5165
70.3714
70.4416
70.6187
71.7116
73.1223
72.3459
72.041
71.047
70.4009
70.5153
71.5923
71.7578
72.1193
72.1134
72.4062
72.3212
71.0778
71.3439
71.3365
71.0419
71.3285
70.5158
70.8656
72.0273
70.6976
70.0782
69.9429
70.8066
72.0838
73.1803
71.4545
71.9187
73.8765
72.9243
71.7395
70.2621
70.2605
71.1801
70.4714
70.6057
71.5428
71.4498
71.5434
71.4151
71.6914
71.1654
69.0953
69.6869
69.9675
69.5988
69.596
71.498
70.4748
70.4013
70.6238
69.9134
69.891
69.9916
70.9061
70.8441
70.2676
69.8864
70.0961
71.1418
70.6996
71.0213
70.0383
69.5609
69.6716
69.531
68.2198
69.9998
69.69
69.7458
69.9204
69.4542
69.9024
69.0647
70.8767
72.04
71.0548
70.2975
69.4529
69.2837
68.7142
69.5788
69.0839
69.145
69.073
69.5448
69.1085
69.0317
68.7049
68.6146
68.9361
69.538
70.3019
70.4243
69.63
69.381
69.2139
68.8216
70.9493
70.1103
71.0201
70.3667
70.3577
69.9487
69.3098
69.7937
68.9326
69.8968
69.9285
70.0635
70.2877
69.5208
69.7872
70.146
70.5676
70.8049
70.2807
70.5977
70.6753
70.7151
69.4656
70.0877
71.4354
70.3877
69.5022
69.6727
70.331
70.2001
69.165
69.079
69.7413
68.811
69.2027
68.8557
69.3549
68.826
68.9416
69.985
68.9618
70.5269
69.469
68.8828
68.9548
68.7994
69.5548
70.0773
71.2378
70.8252
69.4957
69.0973
69.2199
69.1691
70.3488
69.2921
69.8867
70.1179
68.8877
69.5464
69.4554
70.5104
70.5656
70.8091
69.5428
69.1242
67.9933
69.3157
70.3108
70.1185
69.9146
69.8053
69.422
70.3956
71.4115
70.6686
69.3904
69.9242
70.1621
70.5549
70.3475
70.1367
70.9992
70.954
68.7592
69.5453
70.4545
68.1985
68.0261
68.4439
68.529
69.229
70.8186
70.7502
70.1499
71.1132
71.1513
70.5533
70.5849
70.3391
70.453
70.8827
69.8134
69.8798
69.355
69.752
70.7899
68.8905
69.337
69.0866
69.0921
68.9895
68.6846
69.2929
69.2457
69.329
69.2199
68.6523
68.9191
67.8556
68.3863
69.4619
68.4166
68.7991
68.4233
69.0563
68.274
68.5267
68.0935
70.0027
70.3874
70.3605
69.6355
69.5499
70.5285
71.8347
72.1557
71.6785
71.3257
70.6343
70.031
70.2646
70.049
69.9871
70.4689
71.5717
72.2202
70.1124
70.1161
69.7574
69.6901
70.4978
69.7778
69.4048
69.3583
70.3268
69.6014
69.4754
69.2848
69.8438
68.038
69.5334
68.5724
68.8817
68.776
69.4823
69.3951
69.0576
68.8841
70.1975
70.7366
68.8772
68.3656
68.7006
69.3161
69.2485
69.6061
69.3463
69.5272
69.1457
70.1233
70.8052
69.9628
69.0043
68.8764
69.417
68.7941
69.6288
69.5565
70.8061
70.1826
70.3205
70.3118
70.4099
70.7192
70.1045
69.6586
69.5186
68.947
69.2218
68.8153
68.7564
68.0213
68.3187
69.2568
69.122
70.4954
71.0155
70.52
70.7216
70.9481
71.103
70.6782
70.0275
69.8041
69.359
69.5684
69.7987
68.3231
68.5781
68.0768
69.4058
70.208
69.6768
69.38
68.1887
68.8044
68.609
68.9111
68.4923
68.3025
68.9024
68.6346
69.9476
69.5983
69.402
69.0013
68.8167
69.0153
69.6231
70.7064
70.6979
69.5699
69.4006
69.1503
69.0163
68.2756
68.1249
68.5533
70.4131
70.5947
69.4618
69.6037
70.6149
70.5557
70.3589
70.0697
69.8536
70.2373
70.5752
71.9435
71.8351
71.8272
71.6813
70.8015
70.0471
68.8817
68.8609
70.8763
71.5472
70.8398
70.1866
69.198
69.1232
69.482
68.7122
69.2614
69.4634
69.9685
70.9336
71.291
71.9369
71.7813
70.6391
69.3865
69.2497
69.2949
68.3134
67.9156
68.0289
68.3714
70.3787
70.3198
69.9079
69.9997
69.2274
68.8433
68.3514
69.038
68.8068
69.8412
69.9527
70.4212
70.3597
70.0027
69.3498
69.7887
71.0957
69.668
69.8496
68.5901
69.0451
68.6843
68.2241
69.0338
70.1661
69.9128
70.3963
70.1182
70.5597
71.0992
69.4503
69.7931
69.6576
70.1036
69.2099
69.668
70.1079
69.493
68.543
68.9741
68.54
69.5141
70.5163
70.663
70.3413
70.4135
70.8787
71.3826
72.604
71.9216
70.4147
70.1644
69.662
70.2474
70.5713
70.8463
69.9969
70.6758
68.4157
68.4298
69.5154
68.9356
68.7974
69.651
69.4419
