0.0115332 0 0
0.0345996 0 0
0.0576661 0 0
0.0807325 0 0
0.103799 0 0
0.126865 0 0
0.149932 0 0
0.172998 0 0
0.196065 0 0
0.219131 0 0
0.242198 0 0
0.265264 0 0
0.28833 0 0
0.311397 0 0
0.334463 0 0
0.35753 0 0
0.380596 0 0
0.403663 0 0
0.426729 0 0
0.449795 0 0
0.472862 0 0
0.495928 0 0
0.518995 0 0
0.542061 0 0
0.565128 0 0
0.588194 0 0
0.61126 0 0
0.634327 0 0
0.657393 0 0
0.68046 0 0
0.703526 0 0
0.726593 0 0
0.749659 0 0
0.772725 0 0
0.795792 0 0
0.818858 0 0
0.841925 0 0
0.864991 0 0
0.888058 0 0
0.911124 0 0
0.93419 0.420978 0.0343469
0.957257 9.90284 0.567883
0.980323 118.023 6.93696
1.00339 613.853 35.428
1.02646 1679.23 97.4273
1.04952 2915.49 168.365
1.07259 3594.61 208.827
1.09566 3298.14 191.064
1.11872 2450.29 141.959
1.14179 1539.9 88.4847
1.16485 774.092 45.0374
1.18792 352.377 20.7744
1.21099 143.208 8.3466
1.23405 43.4527 2.44163
1.25712 10.5839 0.524248
1.28019 2.72749 0.100866
1.30325 1.29118 0.0665221
1.32632 1.44204 0.0850332
1.34939 4.75226 0.254226
1.37245 13.1646 0.691358
1.39552 32.7414 1.90947
1.41859 84.5391 4.94046
1.44165 179.179 10.5904
1.46472 317.909 18.5888
1.48778 511.78 29.6717
1.51085 642.179 37.0313
1.53392 715.298 41.3004
1.55698 661.759 38.4467
1.58005 524.009 30.2619
1.60312 354.06 20.001
1.62618 192.26 11.4802
1.64925 94.0419 5.5927
1.67232 40.3314 2.32209
1.69538 18.7291 1.05175
1.71845 21.6321 1.18573
1.74152 59.5733 3.42673
1.76458 172.389 9.79646
1.78765 420.697 23.992
1.81071 849.137 49.138
1.83378 1385.82 80.054
1.85685 1821.37 106.067
1.87991 2006.52 116.552
1.90298 1828.12 106.184
1.92605 1394.61 81.0214
1.94911 899.49 52.2442
1.97218 486.073 28.0353
1.99525 224.665 12.7522
2.01831 95.2419 5.35748
2.04138 60.0825 3.46884
2.06445 96.9965 5.61995
2.08751 210.298 12.1086
2.11058 399.419 23.0852
2.13364 592.479 34.3425
2.15671 723.455 41.9343
2.17978 743.103 43.2035
2.20284 637.716 36.7693
2.22591 457.15 26.1272
2.24898 280.448 16.3849
2.27204 167.58 9.83665
2.29511 136.226 7.97265
