310.266
288.046
275.248
229.176
216.901
209.382
187.646
180.368
178.994
170.567
170.567
164.789
161.732
150.346
140.702
132.354
127.798
126.514
101.622
90.7495
83.3471
80.605
73.2442
73.2442
70.6444
70.6444
70.4697
70.4697
69.14
69.14
69.14
69.14
69.14
69.0122
68.379
68.1642
68.1642
64.8653
64.8653
64.8653
64.8653
64.8653
64.8653
64.7364
62.403
62.403
62.403
62.403
62.403
62.403
62.403
62.403
62.403
62.403
62.403
62.403
62.403
62.403
62.403
62.403
62.403
62.403
62.403
62.403
62.403
62.403
62.403
62.403
62.403
62.403
62.403
62.403
62.403
62.403
62.403
62.403
62.403
62.403
62.403
62.403
62.403
62.403
62.403
62.403
62.403
62.403
62.403
62.403
62.403
62.403
62.403
62.403
62.403
62.403
62.403
62.403
62.403
62.403
62.403
62.403
62.403
62.403
62.403
62.403
62.403
62.403
62.403
62.403
62.403
62.403
62.403
62.403
62.403
62.403
62.403
62.403
62.403
62.403
62.403
62.403
62.403
62.403
62.403
62.403
62.403
62.403
62.403
62.403
62.403
62.403
62.403
62.403
62.403
62.403
62.403
62.403
62.403
62.403
62.403
62.403
62.403
62.403
62.403
62.403
62.403
62.403
62.403
62.403
62.403
62.403
62.403
62.403
62.403
62.403
62.403
62.403
62.403
62.403
62.403
62.403
62.403
62.403
62.403
62.403
62.403
62.403
62.403
62.403
62.403
62.403
62.403
62.403
62.403
62.403
62.403
62.403
62.403
62.403
62.403
62.403
62.403
62.403
62.403
62.403
62.403
62.403
62.403
62.403
62.403
62.403
62.403
62.403
62.403
62.403
62.403
62.403
62.403
62.403
62.403
62.403
