382.281
318.354
298.835
282.187
241.701
223.295
214.254
196.196
185.168
182.022
174.496
172.185
167.251
163.634
155.605
144.5
137.761
134.659
132.496
112.539
97.3804
89.2206
85.3282
78.0489
84.7358
77.905
73.8411
74.5318
75.395
72.4637
81.5
74.1565
72.1911
71.9642
73.7971
70.1434
71.3858
71.8508
68.3499
68.6215
69.1119
67.6571
69.0945
67.6716
67.3528
66.77
63.9484
66.1333
66.737
66.5471
67.1303
64.6761
65.1228
64.4753
65.8903
64.9974
65.8777
64.034
66.5461
64.8098
66.1441
64.9319
66.1817
65.8859
65.6768
64.0152
67.3712
66.7458
67.0411
65.6376
65.3303
66.9108
66.6712
64.8955
64.8691
63.9765
65.9625
64.746
65.3391
67.3956
66.2712
65.8302
66.4154
66.1409
66.7781
65.4641
65.6158
64.4882
65.6067
65.9456
64.9268
65.9541
63.8642
65.3624
65.2983
66.131
64.6702
66.1463
66.2962
65.3928
67.3832
67.9132
64.877
65.9538
64.9256
65.8991
66.0269
65.0575
63.975
65.3153
66.1499
65.3297
64.1974
64.9495
66.6894
66.7902
65.989
65.2492
64.3793
66.0977
66.3317
65.3288
69.4103
68.0643
64.643
67.2969
65.8128
67.1735
65.0958
65.5094
66.6369
66.5538
67.312
65.0738
67.4048
65.1395
65.7184
64.6266
66.2434
67.5797
68.0187
66.2129
64.7102
66.2827
66.1471
66.5612
67.1691
64.9216
64.4759
65.8382
64.1235
65.8999
65.5899
64.7421
68.074
65.9237
65.0512
65.5414
64.4438
66.3349
68.6362
67.742
66.2171
67.3975
67.7264
67.7499
66.2674
66.5399
66.0751
65.314
66.9299
66.4589
67.1441
65.3625
64.5877
68.895
64.2756
65.6388
64.7866
66.3369
64.5945
65.4223
65.607
66.0418
65.3182
65.3127
64.8168
65.7854
66.7772
64.3417
67.2058
66.7305
65.1511
64.0307
67.0413
65.9828
64.0762
64.8948
66.7161
66.0896
