0.0115332 0 0
0.0345996 0 0
0.0576661 0 0
0.0807325 0 0
0.103799 0 0
0.126865 0 0
0.149932 0 0
0.172998 0 0
0.196065 0 0
0.219131 0 0
0.242198 0 0
0.265264 0 0
0.28833 0 0
0.311397 0 0
0.334463 0 0
0.35753 0 0
0.380596 0 0
0.403663 0 0
0.426729 0 0
0.449795 0 0
0.472862 0 0
0.495928 0 0
0.518995 0 0
0.542061 0 0
0.565128 0 0
0.588194 0 0
0.61126 0 0
0.634327 0 0
0.657393 0 0
0.68046 0 0
0.703526 0 0
0.726593 0 0
0.749659 0 0
0.772725 0 0
0.795792 0 0
0.818858 0 0
0.841925 0 0
0.864991 2.58734e-06 2.58734e-06
0.888058 6.87311e-05 1.84881e-05
0.911124 0.00330441 0.000124595
0.93419 0.0481292 0.000642997
0.957257 0.293198 0.00174198
0.980323 1.00499 0.00394075
1.00339 2.23675 0.00513107
1.02646 3.62533 0.00361084
1.04952 4.61788 0.0039902
1.07259 4.90242 0.00627291
1.09566 4.48649 0.00703495
1.11872 3.66029 0.00568414
1.14179 2.69924 0.00342365
1.16485 1.81813 0.00230708
1.18792 1.13235 0.0024908
1.21099 0.651901 0.00223979
1.23405 0.353154 0.00203216
1.25712 0.177738 0.00173153
1.28019 0.0874247 0.00121593
1.30325 0.0486631 0.000877129
1.32632 0.0424302 0.000835576
1.34939 0.0607901 0.000830156
1.37245 0.105837 0.00112625
1.39552 0.183901 0.00119261
1.41859 0.300508 0.00133423
1.44165 0.452909 0.00114145
1.46472 0.627997 0.00111576
1.48778 0.796631 0.00167769
1.51085 0.921851 0.00206021
1.53392 0.972647 0.00261207
1.55698 0.929341 0.0024646
1.58005 0.808232 0.00200127
1.60312 0.641441 0.00114915
1.62618 0.465196 0.00109953
1.64925 0.317109 0.00131938
1.67232 0.219995 0.0016236
1.69538 0.191639 0.00191932
1.71845 0.252998 0.00215123
1.74152 0.433579 0.00253678
1.76458 0.750861 0.00288704
1.78765 1.19711 0.0020575
1.81071 1.72613 0.00162035
1.83378 2.23397 0.0026967
1.85685 2.59598 0.0043292
1.87991 2.71715 0.00503224
1.90298 2.55976 0.00456149
1.92605 2.18453 0.00289488
1.94911 1.68818 0.00164875
1.97218 1.20035 0.00141888
1.99525 0.801073 0.00218766
2.01831 0.541209 0.0025299
2.04138 0.433742 0.00267513
2.06445 0.459401 0.00230608
2.08751 0.586371 0.00174953
2.11058 0.758359 0.000885949
2.13364 0.91719 0.00120451
2.15671 1.01343 0.00178584
2.17978 1.02419 0.00216225
2.20284 0.921243 0.00170118
2.22591 0.781878 0.000961135
2.24898 0.653769 0.00126369
2.27204 0.570333 0.00210414
2.29511 0.572409 0.00265736
