1 7.39001 7.39001 0
2 7.58585 7.48793 0.0979192
3 7.45967 7.47851 0.0573134
4 7.68384 7.52984 0.0654011
5 7.41469 7.50681 0.0556485
6 7.51497 7.50817 0.0454571
7 7.55392 7.51471 0.0389702
8 7.4397 7.50533 0.0350273
9 7.55552 7.51091 0.0313904
10 7.69684 7.5295 0.0336751
11 7.47107 7.52419 0.03092
12 7.82169 7.54898 0.0375675
13 7.54645 7.54879 0.0345576
14 7.52624 7.54718 0.0320346
15 7.66116 7.55477 0.0307755
16 7.52514 7.55292 0.0288473
17 7.72451 7.56302 0.028916
18 7.40374 7.55417 0.0286624
19 7.57652 7.55534 0.0271374
20 7.57807 7.55648 0.0257699
21 7.679 7.56231 0.0251968
22 7.4286 7.55624 0.0247811
23 7.57405 7.55701 0.0236918
24 7.61982 7.55963 0.0228336
25 7.82838 7.57038 0.0243974
26 7.69835 7.5753 0.0239514
27 7.72978 7.58102 0.0237468
28 7.57171 7.58069 0.0228854
29 7.54574 7.57948 0.022115
30 7.60375 7.58029 0.0213805
31 7.64047 7.58223 0.0207702
32 7.68076 7.58531 0.020345
33 7.65006 7.58727 0.0198162
34 7.5916 7.5874 0.0192249
35 7.49644 7.5848 0.0188476
36 7.3457 7.57816 0.0194836
37 7.75657 7.58298 0.0195536
38 7.55319 7.5822 0.0190482
39 7.56996 7.58189 0.018556
40 7.65675 7.58376 0.0181828
41 7.71635 7.58699 0.0180262
42 7.62925 7.588 0.0176205
43 7.9798 7.59711 0.0194696
44 7.77391 7.60113 0.0194417
45 7.54016 7.59977 0.019053
46 7.6307 7.60044 0.0186463
47 7.3378 7.59486 0.0190819
48 7.69906 7.59703 0.0188059
49 7.77908 7.60074 0.0187891
50 7.50489 7.59883 0.018509
51 7.52965 7.59747 0.0181931
52 7.58236 7.59718 0.0178422
53 7.64237 7.59803 0.017523
54 7.68983 7.59973 0.0172793
55 7.69196 7.60141 0.0170449
56 7.40676 7.59793 0.0170949
57 7.48454 7.59594 0.0169097
58 7.5944 7.59592 0.0166156
59 7.64095 7.59668 0.0163494
60 7.57586 7.59633 0.0160784
61 7.75927 7.599 0.0160366
62 7.55176 7.59824 0.0157942
63 7.43083 7.59558 0.015767
64 7.52252 7.59444 0.0155607
65 7.64382 7.5952 0.0153382
66 7.47262 7.59335 0.0152178
67 7.39075 7.59032 0.0152909
68 7.43754 7.58807 0.015231
69 7.66081 7.58913 0.0150456
70 7.48114 7.58759 0.0149091
71 7.56382 7.58725 0.0147014
72 7.68705 7.58864 0.0145619
73 7.60466 7.58886 0.0143627
74 7.71785 7.5906 0.0142742
75 7.62555 7.59107 0.0140903
76 7.58215 7.59095 0.0139041
77 7.44794 7.58909 0.0138475
78 7.43361 7.5871 0.0138134
79 7.67442 7.5882 0.0136821
80 7.75105 7.59024 0.0136625
81 7.69645 7.59155 0.0135563
82 7.48306 7.59023 0.0134552
83 7.31144 7.58687 0.0137099
84 7.59636 7.58698 0.0135462
85 7.60873 7.58724 0.0133883
86 7.92624 7.59118 0.0138064
87 7.6015 7.5913 0.0136473
88 7.52324 7.59052 0.0135135
89 7.66911 7.59141 0.01339
90 7.46344 7.58999 0.0133165
91 7.60094 7.59011 0.0131699
92 7.60039 7.59022 0.0130264
93 7.34724 7.58761 0.0131478
94 7.5988 7.58772 0.0130077
95 7.72824 7.5892 0.0129548
96 7.82602 7.59167 0.0130543
97 7.64064 7.59218 0.0129289
98 7.6913 7.59319 0.0128362
99 7.52569 7.5925 0.0127241
100 7.2968 7.58955 0.0129387
