1 -7.58304 -7.58304 0
2 -7.54687 -7.56496 0.0180829
3 -7.57047 -7.5668 0.0106007
4 -7.5291 -7.55737 0.0120409
5 -7.5784 -7.56158 0.0102311
6 -7.56148 -7.56156 0.00835365
7 -7.553 -7.56034 0.00716532
8 -7.57345 -7.56198 0.00641824
9 -7.55491 -7.56119 0.00571463
10 -7.52834 -7.55791 0.00607623
11 -7.5679 -7.55881 0.0055707
12 -7.50681 -7.55448 0.0066814
13 -7.55613 -7.55461 0.0061473
14 -7.55784 -7.55484 0.00569597
15 -7.53374 -7.55343 0.00548606
16 -7.5616 -7.55394 0.00515708
17 -7.52281 -7.55211 0.0051789
18 -7.58192 -7.55377 0.00515597
19 -7.54804 -7.55347 0.00488636
20 -7.54917 -7.55325 0.00464058
21 -7.53046 -7.55217 0.00454559
22 -7.57569 -7.55323 0.00446398
23 -7.5507 -7.55312 0.0042669
24 -7.54252 -7.55268 0.0041091
25 -7.50641 -7.55083 0.00435422
26 -7.52757 -7.54994 0.004278
27 -7.52339 -7.54895 0.00423234
28 -7.55027 -7.549 0.00407866
29 -7.55487 -7.5492 0.00394069
30 -7.54435 -7.54904 0.0038105
31 -7.53978 -7.54874 0.00369763
32 -7.52813 -7.5481 0.00363767
33 -7.53741 -7.54777 0.00354056
34 -7.54568 -7.54771 0.0034354
35 -7.56338 -7.54816 0.0033657
36 -7.59389 -7.54943 0.00350883
37 -7.51773 -7.54857 0.00351861
38 -7.55483 -7.54874 0.00342871
39 -7.5518 -7.54882 0.00334056
40 -7.53617 -7.5485 0.00327128
41 -7.52438 -7.54791 0.00324429
42 -7.5399 -7.54772 0.00317185
43 -7.47688 -7.54607 0.0035081
44 -7.51439 -7.54535 0.00350226
45 -7.55724 -7.54562 0.00343372
46 -7.54186 -7.54554 0.00335923
47 -7.5929 -7.54654 0.00343801
48 -7.5275 -7.54615 0.00338892
49 -7.5126 -7.54546 0.0033889
50 -7.564 -7.54583 0.00334106
51 -7.55625 -7.54604 0.00328125
52 -7.54708 -7.54606 0.00321759
53 -7.53706 -7.54589 0.00316086
54 -7.52991 -7.54559 0.00311586
55 -7.52948 -7.5453 0.00307268
56 -7.58122 -7.54594 0.00308476
57 -7.56542 -7.54628 0.00304937
58 -7.5474 -7.5463 0.0029964
59 -7.54062 -7.54621 0.00294675
60 -7.54961 -7.54626 0.00289778
61 -7.51725 -7.54579 0.00288929
62 -7.55299 -7.5459 0.00284468
63 -7.5765 -7.54639 0.00284097
64 -7.55854 -7.54658 0.00280267
65 -7.53648 -7.54642 0.00276359
66 -7.56951 -7.54677 0.00274378
67 -7.58233 -7.5473 0.00275413
68 -7.57326 -7.54769 0.00274005
69 -7.53329 -7.54748 0.00270809
70 -7.56749 -7.54776 0.00268439
71 -7.55073 -7.5478 0.00264664
72 -7.52976 -7.54755 0.00262163
73 -7.54545 -7.54752 0.00258563
74 -7.52227 -7.54718 0.00257319
75 -7.54175 -7.54711 0.00253969
76 -7.54667 -7.54711 0.00250605
77 -7.57181 -7.54743 0.00249402
78 -7.5758 -7.54779 0.00248857
79 -7.53399 -7.54762 0.00246307
80 -7.51727 -7.54724 0.0024615
81 -7.52772 -7.54699 0.00244283
82 -7.56697 -7.54724 0.00242512
83 -7.59686 -7.54784 0.00246919
84 -7.54527 -7.54781 0.00243981
85 -7.54375 -7.54776 0.0024114
86 -7.48524 -7.54703 0.00249159
87 -7.54513 -7.54701 0.00246288
88 -7.55815 -7.54714 0.00243803
89 -7.53515 -7.547 0.00241424
90 -7.5705 -7.54726 0.0024015
91 -7.54291 -7.54721 0.00237544
92 -7.54432 -7.54718 0.00234969
93 -7.59036 -7.54765 0.0023702
94 -7.54528 -7.54762 0.00234499
95 -7.52321 -7.54737 0.00233436
96 -7.50158 -7.54689 0.00235863
97 -7.53604 -7.54678 0.00233687
98 -7.52861 -7.54659 0.00232032
99 -7.55867 -7.54671 0.0023
100 -7.59892 -7.54723 0.00233598
