0.307355   -0.0878096   -0.380204
0.263306   -0.499709   -0.487014
-0.407454   -0.470876   0.137821
-0.481815   -0.158319   0.229919
0.437211   -0.266665   0.102098
0.16225   -0.125895   0.230152
0.422009   0.0480441   0.437792
-0.353318   0.488873   -0.22577
-0.0987977   -0.240563   -0.265628
0.398065   -0.0833175   0.150516
0.35952   0.318895   0.358678
-0.11426   0.462647   0.427544
0.18693   -0.204543   -0.307695
0.333449   -0.0506112   0.310513
-0.120403   -0.473894   -0.250376
-0.0979133   -0.0200227   -0.43144
-0.498647   -0.107962   -0.414379
-0.445044   -0.0376088   0.0414575
0.160556   0.346602   0.146114
-0.379714   0.141961   0.00977855
0.38416   0.414622   0.063352
-0.346137   0.0714094   -0.371798
-0.158925   0.146172   0.28619
0.498159   -0.488073   0.468668
0.0515315   -0.0878179   0.113546
-0.29114   0.177034   0.484813
-0.424052   -0.338864   -0.202815
0.127853   -0.0523602   -0.0544788
-0.479619   0.210262   -0.126984
0.111084   -0.381734   -0.181153
0.0493562   0.294155   0.297909
0.42017   -0.463255   -0.310661
0.383936   0.0228706   -0.248323
0.297974   0.271527   0.0677471
-0.385088   0.0706942   0.203558
-0.314285   -0.12578   -0.310309
-0.123744   0.342829   0.284831
0.101678   -0.218056   0.0240107
-0.180671   -0.403415   0.320098
0.0462999   -0.246498   0.206029
0.414906   0.116753   -0.00466454
0.290103   -0.179015   -0.161955
0.0318252   0.436252   -0.0143892
-0.248839   0.0066776   0.461273
0.476846   -0.124799   0.422508
-0.126108   0.367552   -0.094633
0.149304   -0.487028   0.078108
0.406655   0.151561   0.269151
0.126907   -0.345272   0.322054
-0.462403   0.40359   0.333643
-0.342987   -0.486523   -0.0605813
0.339063   0.19242   -0.178875
0.291278   0.374274   -0.294789
-0.275704   -0.306835   -0.38084
0.0220016   -0.0905876   -0.26745
0.493705   -0.306064   0.434173
0.203832   0.159039   -0.0683574
0.193346   0.36043   -0.0557884
-0.190547   -0.382401   -0.0880415
-0.15501   -0.295839   0.0628718
-0.481325   0.385485   -0.272852
0.152018   -0.350318   -0.487185
-0.270112   0.418642   -0.348206
-0.389822   0.0515202   -0.21356
0.428209   -0.300276   -0.0858212
-0.116238   0.360806   -0.276296
-0.122775   -0.257943   -0.44397
0.147242   0.143407   -0.359224
0.256794   0.0320888   0.490022
0.080407   0.311341   -0.33751
0.368212   0.342373   -0.0793642
0.327522   0.481718   0.218757
-0.435683   0.317222   -0.439716
0.32977   -0.304244   -0.472297
-0.20597   0.112234   0.034976
0.0478726   0.198454   0.105726
-0.0680845   -0.0870329   0.267914
0.262695   -0.210655   0.0941994
0.0877519   0.0808433   0.486428
0.231568   0.258933   0.432877
-0.484795   0.204107   0.116818
0.233993   -0.464389   -0.295731
-0.277028   0.46906   0.301834
0.233602   -0.372148   -0.0697307
0.254026   -0.185879   0.406432
0.467546   -0.491191   -0.0841779
0.104175   0.0789576   -0.193335
0.196591   0.420001   0.328689
0.391981   -0.11093   -0.0252499
0.463167   -0.262786   -0.292804
0.448019   0.339868   0.18978
0.0208035   -0.20004   -0.127334
0.0660331   -0.193907   -0.417793
-0.405244   -0.423696   -0.394674
0.391885   0.357795   -0.434673
0.194024   0.195824   0.24405
-0.452981   -0.178779   -0.116674
0.0394803   0.349393   -0.158037
-0.288562   -0.180102   0.309106
-0.283084   0.477178   0.471372
-0.211239   -0.0307786   -0.180135
-0.325718   -0.233018   0.0284936
-0.30948   0.290724   -0.0817817
0.300647   -0.385897   0.34737
0.0481477   0.45592   0.237276
-0.383481   0.36902   0.0588868
-0.436038   0.134414   0.385426
-0.0140829   0.073137   -0.052726
