0.307483   -0.0878327   -0.380189
0.263241   -0.499768   -0.487
-0.407503   -0.470908   0.137895
-0.481831   -0.158281   0.229926
0.437125   -0.26675   0.102116
0.162166   -0.125829   0.230157
0.422068   0.0480679   0.437864
-0.35325   0.488841   -0.225657
-0.098889   -0.240636   -0.265512
0.397978   -0.0831881   0.150736
0.359427   0.318988   0.35847
-0.11419   0.462561   0.427526
0.18695   -0.204435   -0.307657
0.333387   -0.0506181   0.310571
-0.120556   -0.474029   -0.250367
-0.0979586   -0.0199201   -0.431582
-0.498587   -0.107966   -0.414494
-0.445024   -0.0375199   0.0414331
0.160523   0.34648   0.14611
-0.379368   0.142027   0.00983159
0.384317   0.414768   0.0632459
-0.345981   0.0713449   -0.371842
-0.158842   0.146209   0.28615
0.498165   -0.488134   0.468795
0.0514435   -0.0878074   0.113588
-0.290969   0.176896   0.4849
-0.424182   -0.338836   -0.202751
0.12787   -0.0523336   -0.0544047
-0.479576   0.210377   -0.126964
0.110945   -0.381697   -0.181305
0.0492034   0.294191   0.297906
0.420062   -0.463225   -0.310657
0.384033   0.0229642   -0.248191
0.298096   0.271634   0.0678432
-0.385162   0.0708203   0.20343
-0.31435   -0.125745   -0.310331
-0.123652   0.342958   0.284838
0.10172   -0.217997   0.02396
-0.180718   -0.403537   0.32014
0.0463095   -0.246469   0.206033
0.414938   0.116642   -0.00477701
0.290052   -0.179008   -0.161936
0.0316967   0.436259   -0.0143728
-0.248833   0.00651606   0.461297
0.476831   -0.124737   0.422503
-0.126113   0.367652   -0.0945047
0.149136   -0.486926   0.0780963
0.406523   0.151582   0.269155
0.126979   -0.345322   0.321983
-0.46242   0.403524   0.333597
-0.342929   -0.486763   -0.0605052
0.339187   0.192539   -0.178734
0.29118   0.374221   -0.294863
-0.275613   -0.306883   -0.380859
0.0219775   -0.0904722   -0.267439
0.493694   -0.306051   0.4341
0.203822   0.159076   -0.0683591
0.193334   0.360501   -0.055887
-0.190553   -0.382502   -0.0880272
-0.15509   -0.295831   0.0629166
-0.481346   0.385522   -0.272851
0.151948   -0.350368   -0.486999
-0.27002   0.418551   -0.348082
-0.389684   0.0515137   -0.213656
0.428238   -0.300293   -0.0858613
-0.11631   0.360739   -0.276285
-0.122977   -0.257716   -0.443871
0.147318   0.143257   -0.359247
0.256811   0.0322703   0.489884
0.0803898   0.311366   -0.337697
0.36818   0.34234   -0.0793205
0.327623   0.481644   0.218654
-0.435718   0.317242   -0.439709
0.329883   -0.304271   -0.47219
-0.205937   0.111995   0.0349365
0.0477506   0.198578   0.105745
-0.0680977   -0.0870083   0.267832
0.26271   -0.21072   0.0943277
0.087652   0.0808615   0.486359
0.231581   0.25899   0.43296
-0.484968   0.2041   0.116588
0.234076   -0.46432   -0.295784
-0.276923   0.469166   0.301787
0.233692   -0.372129   -0.0697418
0.254166   -0.185998   0.406546
0.467411   -0.491229   -0.0841685
0.104059   0.0788868   -0.193505
0.196637   0.419969   0.328597
0.391838   -0.110971   -0.0252835
0.463061   -0.262735   -0.292894
0.448032   0.339865   0.189832
0.0208163   -0.200059   -0.127179
0.0661433   -0.193955   -0.417912
-0.405262   -0.423637   -0.394674
0.391846   0.357584   -0.434774
0.194039   0.195912   0.244163
-0.453085   -0.178661   -0.116687
0.0395241   0.349422   -0.158038
-0.288648   -0.180032   0.309024
-0.283122   0.477028   0.47136
-0.211195   -0.0308469   -0.180072
-0.325596   -0.233023   0.0284898
-0.309404   0.290676   -0.0818125
0.300785   -0.385862   0.347437
0.0483917   0.455877   0.237398
-0.383412   0.36877   0.0588773
-0.436099   0.134566   0.385504
-0.0140679   0.0730612   -0.0528502
