0.0128248 0 0
0.0384745 0 0
0.0641241 0 0
0.0897737 0 0
0.115423 0 0
0.141073 0 0
0.166723 0 0
0.192372 0 0
0.218022 0 0
0.243672 0 0
0.269321 0 0
0.294971 0 0
0.32062 0 0
0.34627 0 0
0.37192 0 0
0.397569 0 0
0.423219 0 0
0.448869 0 0
0.474518 0 0
0.500168 0 0
0.525818 0 0
0.551467 0 0
0.577117 0 0
0.602767 0 0
0.628416 0 0
0.654066 0 0
0.679715 0 0
0.705365 0 0
0.731015 0 0
0.756664 0 0
0.782314 0 0
0.807964 0 0
0.833613 0 0
0.859263 0 0
0.884913 1.97432 0.0844713
0.910562 17.6178 0.840899
0.936212 102.767 5.80194
0.961861 314.821 18.3408
0.987511 665.859 39.4527
1.01316 1039.2 60.7976
1.03881 1289.33 73.1716
1.06446 1421.98 82.1024
1.09011 1398.32 81.2241
1.11576 1328.9 76.4294
1.14141 1197.94 69.7879
1.16706 1081.64 62.2544
1.19271 953.748 54.5909
1.21836 841.509 49.4904
1.24401 745.208 43.6297
1.26966 697.657 40.1819
1.29531 628.188 36.1867
1.32096 540.996 32.1381
1.34661 492.725 29.2318
1.37226 478.376 27.8224
1.39791 452.761 26.8649
1.42355 448.034 25.4472
1.4492 418.903 23.8921
1.47485 402.679 23.095
1.5005 385.306 22.2046
1.52615 381.903 22.0252
1.5518 365.813 20.9717
1.57745 374.486 21.2181
1.6031 391.381 22.45
1.62875 387.47 22.1537
1.6544 385.068 21.7427
1.68005 405.059 22.6718
1.7057 404.916 23.2118
1.73135 416.029 24.0319
1.757 434.669 25.4969
1.78265 459.077 27.4002
1.8083 482.281 29.0356
1.83395 510.816 30.2228
1.8596 541.301 32.1866
1.88525 559.239 32.6721
1.9109 582.689 33.4026
1.93655 602.939 34.551
1.9622 621.292 35.6179
1.98785 632.588 36.7106
2.0135 637.586 37.2504
2.03915 658.472 38.0943
2.0648 671.477 38.6455
2.09045 687.166 39.8641
2.1161 674.687 38.81
2.14174 677.647 38.7701
2.16739 661.071 38.0711
2.19304 647.006 37.5006
2.21869 621.559 36.0246
2.24434 601.258 34.9756
2.26999 590.51 34.3127
2.29564 577.475 33.5414
2.32129 557.785 32.439
2.34694 545.485 31.5269
2.37259 531.535 30.6955
2.39824 517.437 29.8254
2.42389 503.079 29.0476
2.44954 491.348 28.4059
2.47519 482.533 27.8459
2.50084 486.3 28.0498
2.52649 488.167 28.1779
2.55214 484.576 27.888
