-0.423755   0.256956   0.265012
-0.119428   -0.13071   0.208491
0.339405   -0.303909   0.477263
0.0172638   -0.279785   -0.219812
-0.182202   0.324338   0.224468
-0.14076   0.341072   -0.329722
-0.27536   -0.411767   0.0494465
-0.494421   0.0539502   0.352824
0.176216   0.0012087   0.332761
0.386472   -0.0740642   -0.161073
0.342472   -0.160211   0.346203
0.457547   0.320774   -0.321737
-0.0387631   -0.304889   -0.426384
0.0189634   -0.0724484   -0.287993
0.389362   0.241773   0.357226
0.0614825   -0.128946   0.29362
0.420549   0.477195   -0.196177
-0.373277   -0.0735015   -0.118664
0.476827   0.498543   -0.409982
-0.252845   0.208343   0.0742512
0.24738   -0.270448   -0.158296
-0.416198   -0.295289   0.164474
0.251911   0.262481   0.212413
-0.127284   0.126085   0.20459
-0.450118   -0.280931   -0.122148
0.397166   -0.378255   0.266095
-0.27445   -0.190509   0.0681847
-0.0357286   0.336952   -0.135746
-0.100289   -0.391695   -0.102297
0.0969482   0.0641065   -0.47868
-0.11358   0.223527   0.427558
-0.210846   -0.475075   0.273687
-0.118482   -0.160269   0.430539
0.203857   0.487532   0.277859
0.0301361   -0.216653   -0.00474511
-0.48262   -0.251488   -0.478247
-0.292253   0.209899   -0.375409
0.301691   0.276113   -0.22446
0.319604   0.365288   -0.0259819
0.235234   -0.474471   -0.12282
0.4904   -0.115886   0.0209787
0.321683   0.13234   -0.110669
0.197986   -0.297997   0.31263
-0.342604   0.384862   -0.335954
0.417374   0.40925   0.179545
0.200238   0.117662   -0.27183
0.191024   0.104195   0.0604377
-0.407794   -0.418793   0.379103
0.133648   -0.161125   0.487955
-0.28835   -0.0169401   0.363872
0.207658   -0.131801   0.178991
-0.15465   -0.137165   -0.0844247
0.424918   0.0171395   0.153274
0.278635   0.292862   -0.42406
-0.260366   -0.307431   -0.180524
-0.154141   0.0269501   -0.420585
-0.0386494   0.0404623   0.381582
0.408527   -0.0590113   -0.477946
-0.146794   -0.447622   -0.318127
-0.0246754   0.131005   -0.207481
-0.371428   -0.352326   -0.331047
-0.337652   0.161381   0.429742
0.296065   -0.162609   -0.329108
0.0709252   0.143599   0.221063
0.339188   -0.262287   0.0149134
0.132513   0.217567   -0.0933552
-0.30142   0.0250539   0.0559631
-0.0345352   0.431957   -0.450859
0.140023   -0.0726692   -0.119472
0.168159   -0.362367   0.114516
-0.375195   -0.0251492   -0.373127
-0.0159409   0.246014   0.0462988
-0.168569   -0.166856   -0.29774
0.150875   0.495707   0.485016
-0.291609   -0.196393   -0.443582
0.278374   0.481729   -0.356789
0.426673   0.0557994   -0.310539
-0.490274   -0.170061   -0.303282
-0.405502   0.133191   -0.193295
0.141094   0.364461   0.0548601
-0.207618   -0.36562   0.467593
-0.475014   -0.423958   0.0198894
-0.373203   0.457226   0.161329
-0.226675   0.257913   -0.13164
-0.0172393   -0.31872   0.334633
0.394905   -0.342806   -0.316265
0.151472   0.290169   0.426787
-0.280491   0.429243   0.478419
-0.441548   -0.186115   0.327479
0.304586   -0.045702   0.00510839
-0.207374   0.427108   -0.00872321
0.282096   0.104273   0.46937
-0.351535   -0.496214   -0.173193
-0.21604   0.0233104   -0.196804
-0.0298032   0.42613   0.299544
0.172296   -0.34019   -0.392092
-0.0763412   -0.327463   0.127065
-0.105033   0.0661976   -0.0252391
-0.49156   0.305034   -0.0840113
-0.484455   0.118165   0.022274
0.482809   0.165604   -0.464559
0.0987444   -0.465424   -0.263283
0.00883989   -0.483563   0.062774
0.35082   0.45245   0.424971
0.0594322   0.273158   -0.312673
0.0477921   -0.0336455   0.0843134
-0.464994   0.361944   0.443625
0.328905   -0.444411   0.0808693
