0.0128248 0 
0.0384745 0 
0.0641241 0 
0.0897737 0 
0.115423 0 
0.141073 0 
0.166723 0 
0.192372 0 
0.218022 0 
0.243672 0 
0.269321 0 
0.294971 0 
0.32062 0 
0.34627 0 
0.37192 0 
0.397569 0 
0.423219 0 
0.448869 0 
0.474518 0 
0.500168 0 
0.525818 0 
0.551467 0 
0.577117 0 
0.602767 0 
0.628416 0 
0.654066 0 
0.679715 0 
0.705365 0 
0.731015 0 
0.756664 0 
0.782314 0 
0.807964 0 
0.833613 0 
0.859263 0 
0.884913 0.00192581 
0.910562 0.0259835 
0.936212 0.167058 
0.961861 0.573613 
0.987511 1.19452 
1.01316 1.8549 
1.03881 2.34266 
1.06446 2.56292 
1.09011 2.564 
1.11576 2.39342 
1.14141 2.19402 
1.16706 1.98117 
1.19271 1.74457 
1.21836 1.52946 
1.24401 1.39252 
1.26966 1.25517 
1.29531 1.13451 
1.32096 1.03071 
1.34661 0.934439 
1.37226 0.874587 
1.39791 0.813866 
1.42355 0.769458 
1.4492 0.741436 
1.47485 0.72439 
1.5005 0.69636 
1.52615 0.68647 
1.5518 0.667514 
1.57745 0.679028 
1.6031 0.670216 
1.62875 0.681759 
1.6544 0.69938 
1.68005 0.713325 
1.7057 0.750707 
1.73135 0.769453 
1.757 0.801099 
1.78265 0.849986 
1.8083 0.901331 
1.83395 0.931919 
1.8596 0.968129 
1.88525 1.02703 
1.9109 1.05466 
1.93655 1.09699 
1.9622 1.14233 
1.98785 1.1576 
2.0135 1.18677 
2.03915 1.20985 
2.0648 1.21424 
2.09045 1.22714 
2.1161 1.21239 
2.14174 1.19625 
2.16739 1.17367 
2.19304 1.14811 
2.21869 1.11957 
2.24434 1.10221 
2.26999 1.06171 
2.29564 1.03343 
2.32129 1.01864 
2.34694 0.984563 
2.37259 0.958517 
2.39824 0.954306 
2.42389 0.924205 
2.44954 0.917112 
2.47519 0.904756 
2.50084 0.889875 
2.52649 0.885635 
2.55214 0.887957 
0.0128248 0 
0.0384745 0 
0.0641241 0 
0.0897737 0 
0.115423 0 
0.141073 0 
0.166723 0 
0.192372 0 
0.218022 0 
0.243672 0 
0.269321 0 
0.294971 0 
0.32062 0 
0.34627 0 
0.37192 0 
0.397569 0 
0.423219 0 
0.448869 0 
0.474518 0 
0.500168 0 
0.525818 0 
0.551467 0 
0.577117 0 
0.602767 0 
0.628416 0 
0.654066 0 
0.679715 0 
0.705365 0 
0.731015 0 
0.756664 0 
0.782314 0 
0.807964 0 
0.833613 0 
0.859263 0 
0.884913 0.000641936 
0.910562 0.0190546 
0.936212 0.149525 
0.961861 0.521374 
0.987511 1.18929 
1.01316 1.82629 
1.03881 2.32856 
1.06446 2.52185 
1.09011 2.53964 
1.11576 2.42024 
1.14141 2.21458 
1.16706 1.98581 
1.19271 1.78263 
1.21836 1.58965 
1.24401 1.43136 
1.26966 1.28207 
1.29531 1.14569 
1.32096 1.03886 
1.34661 0.960379 
1.37226 0.888507 
1.39791 0.817541 
1.42355 0.766942 
1.4492 0.724681 
1.47485 0.693851 
1.5005 0.683187 
1.52615 0.667199 
1.5518 0.658567 
1.57745 0.65848 
1.6031 0.657865 
1.62875 0.674748 
1.6544 0.687415 
1.68005 0.705387 
1.7057 0.741599 
1.73135 0.760804 
1.757 0.812615 
1.78265 0.840992 
1.8083 0.901551 
1.83395 0.926367 
1.8596 0.975398 
1.88525 1.0301 
1.9109 1.06903 
1.93655 1.10184 
1.9622 1.12714 
1.98785 1.16069 
2.0135 1.19065 
2.03915 1.20396 
2.0648 1.22226 
2.09045 1.21628 
2.1161 1.21393 
2.14174 1.18835 
2.16739 1.17283 
2.19304 1.16089 
2.21869 1.13036 
2.24434 1.12139 
2.26999 1.08568 
2.29564 1.05604 
2.32129 1.03147 
2.34694 1.00261 
2.37259 0.973495 
2.39824 0.953282 
2.42389 0.924682 
2.44954 0.915771 
2.47519 0.903654 
2.50084 0.889461 
2.52649 0.873023 
2.55214 0.881805 
0.0128248 0 
0.0384745 0 
0.0641241 0 
0.0897737 0 
0.115423 0 
0.141073 0 
0.166723 0 
0.192372 0 
0.218022 0 
0.243672 0 
0.269321 0 
0.294971 0 
0.32062 0 
0.34627 0 
0.37192 0 
0.397569 0 
0.423219 0 
0.448869 0 
0.474518 0 
0.500168 0 
0.525818 0 
0.551467 0 
0.577117 0 
0.602767 0 
0.628416 0 
0.654066 0 
0.679715 0 
0.705365 0 
0.731015 0 
0.756664 0 
0.782314 0 
0.807964 0 
0.833613 0 
0.859263 0 
0.884913 0.000917052 
0.910562 0.0221726 
0.936212 0.151327 
0.961861 0.559175 
0.987511 1.19776 
1.01316 1.84273 
1.03881 2.30992 
1.06446 2.57211 
1.09011 2.54641 
1.11576 2.43086 
1.14141 2.2256 
1.16706 1.98075 
1.19271 1.75053 
1.21836 1.53212 
1.24401 1.39075 
1.26966 1.25664 
1.29531 1.11949 
1.32096 1.03281 
1.34661 0.954755 
1.37226 0.891902 
1.39791 0.838157 
1.42355 0.786432 
1.4492 0.737572 
1.47485 0.716466 
1.5005 0.693904 
1.52615 0.672719 
1.5518 0.669482 
1.57745 0.648638 
1.6031 0.678264 
1.62875 0.665814 
1.6544 0.683296 
1.68005 0.711086 
1.7057 0.738637 
1.73135 0.774053 
1.757 0.816779 
1.78265 0.861082 
1.8083 0.902407 
1.83395 0.939456 
1.8596 0.984245 
1.88525 1.03237 
1.9109 1.05326 
1.93655 1.11076 
1.9622 1.14203 
1.98785 1.1693 
2.0135 1.19125 
2.03915 1.20748 
2.0648 1.20374 
2.09045 1.19672 
2.1161 1.19699 
2.14174 1.18891 
2.16739 1.1675 
2.19304 1.14881 
2.21869 1.12544 
2.24434 1.09342 
2.26999 1.06507 
2.29564 1.0448 
2.32129 1.00657 
2.34694 0.986375 
2.37259 0.963595 
2.39824 0.949549 
2.42389 0.943298 
2.44954 0.919937 
2.47519 0.907991 
2.50084 0.888979 
2.52649 0.875555 
2.55214 0.877769 
0.0128248 0 
0.0384745 0 
0.0641241 0 
0.0897737 0 
0.115423 0 
0.141073 0 
0.166723 0 
0.192372 0 
0.218022 0 
0.243672 0 
0.269321 0 
0.294971 0 
0.32062 0 
0.34627 0 
0.37192 0 
0.397569 0 
0.423219 0 
0.448869 0 
0.474518 0 
0.500168 0 
0.525818 0 
0.551467 0 
0.577117 0 
0.602767 0 
0.628416 0 
0.654066 0 
0.679715 0 
0.705365 0 
0.731015 0 
0.756664 0 
0.782314 0 
0.807964 0 
0.833613 0 
0.859263 0 
0.884913 0.00192581 
0.910562 0.0200939 
0.936212 0.168778 
0.961861 0.542798 
0.987511 1.20189 
1.01316 1.82125 
1.03881 2.29775 
1.06446 2.5723 
1.09011 2.5113 
1.11576 2.35996 
1.14141 2.20196 
1.16706 1.98228 
1.19271 1.76592 
1.21836 1.55738 
1.24401 1.41526 
1.26966 1.27005 
1.29531 1.14915 
1.32096 1.04845 
1.34661 0.969567 
1.37226 0.885151 
1.39791 0.820223 
1.42355 0.779876 
1.4492 0.748241 
1.47485 0.707981 
1.5005 0.702835 
1.52615 0.684589 
1.5518 0.668915 
1.57745 0.663819 
1.6031 0.670859 
1.62875 0.681488 
1.6544 0.703211 
1.68005 0.724851 
1.7057 0.737304 
1.73135 0.777838 
1.757 0.806171 
1.78265 0.858687 
1.8083 0.881917 
1.83395 0.925235 
1.8596 0.958348 
1.88525 0.994925 
1.9109 1.03912 
1.93655 1.08692 
1.9622 1.12681 
1.98785 1.14848 
2.0135 1.18533 
2.03915 1.20874 
2.0648 1.20241 
2.09045 1.21646 
2.1161 1.21518 
2.14174 1.19888 
2.16739 1.18453 
2.19304 1.16412 
2.21869 1.13666 
2.24434 1.10211 
2.26999 1.06697 
2.29564 1.05444 
2.32129 1.01634 
2.34694 1.00528 
2.37259 0.976378 
2.39824 0.958264 
2.42389 0.95282 
2.44954 0.927525 
2.47519 0.912281 
2.50084 0.906284 
2.52649 0.886524 
2.55214 0.887042 
0.0128248 0 
0.0384745 0 
0.0641241 0 
0.0897737 0 
0.115423 0 
0.141073 0 
0.166723 0 
0.192372 0 
0.218022 0 
0.243672 0 
0.269321 0 
0.294971 0 
0.32062 0 
0.34627 0 
0.37192 0 
0.397569 0 
0.423219 0 
0.448869 0 
0.474518 0 
0.500168 0 
0.525818 0 
0.551467 0 
0.577117 0 
0.602767 0 
0.628416 0 
0.654066 0 
0.679715 0 
0.705365 0 
0.731015 0 
0.756664 0 
0.782314 0 
0.807964 0 
0.833613 0 
0.859263 0 
0.884913 0.00128387 
0.910562 0.0221726 
0.936212 0.166648 
0.961861 0.580676 
0.987511 1.1918 
1.01316 1.88883 
1.03881 2.35724 
1.06446 2.60063 
1.09011 2.57252 
1.11576 2.39919 
1.14141 2.19606 
1.16706 1.95781 
1.19271 1.7369 
1.21836 1.53619 
1.24401 1.36041 
1.26966 1.21939 
1.29531 1.11119 
1.32096 1.01532 
1.34661 0.923389 
1.37226 0.866808 
1.39791 0.81416 
1.42355 0.756629 
1.4492 0.738222 
1.47485 0.710358 
1.5005 0.695658 
1.52615 0.679625 
1.5518 0.667782 
1.57745 0.678364 
1.6031 0.686452 
1.62875 0.695511 
1.6544 0.726458 
1.68005 0.737395 
1.7057 0.770182 
1.73135 0.789218 
1.757 0.841299 
1.78265 0.867817 
1.8083 0.898059 
1.83395 0.952224 
1.8596 0.994234 
1.88525 1.03194 
1.9109 1.06473 
1.93655 1.10323 
1.9622 1.13462 
1.98785 1.158 
2.0135 1.176 
2.03915 1.19042 
2.0648 1.19488 
2.09045 1.19808 
2.1161 1.20439 
2.14174 1.19394 
2.16739 1.16513 
2.19304 1.13811 
2.21869 1.09066 
2.24434 1.06212 
2.26999 1.05106 
2.29564 1.02351 
2.32129 0.994966 
2.34694 0.98588 
2.37259 0.961196 
2.39824 0.950748 
2.42389 0.929461 
2.44954 0.921193 
2.47519 0.911906 
2.50084 0.907156 
2.52649 0.899046 
2.55214 0.898344 
0.0128248 0 
0.0384745 0 
0.0641241 0 
0.0897737 0 
0.115423 0 
0.141073 0 
0.166723 0 
0.192372 0 
0.218022 0 
0.243672 0 
0.269321 0 
0.294971 0 
0.32062 0 
0.34627 0 
0.37192 0 
0.397569 0 
0.423219 0 
0.448869 0 
0.474518 0 
0.500168 0 
0.525818 0 
0.551467 0 
0.577117 0 
0.602767 0 
0.628416 0 
0.654066 0 
0.679715 0 
0.705365 0 
0.731015 0 
0.756664 0 
0.782314 0 
0.807964 0 
0.833613 0 
0.859263 0 
0.884913 0.000458526 
0.910562 0.0201806 
0.936212 0.16673 
0.961861 0.548541 
0.987511 1.19636 
1.01316 1.85448 
1.03881 2.32703 
1.06446 2.52895 
1.09011 2.55348 
1.11576 2.43478 
1.14141 2.18184 
1.16706 1.95844 
1.19271 1.76592 
1.21836 1.56463 
1.24401 1.40069 
1.26966 1.24661 
1.29531 1.12416 
1.32096 1.02742 
1.34661 0.957131 
1.37226 0.875236 
1.39791 0.835842 
1.42355 0.776368 
1.4492 0.7519 
1.47485 0.706099 
1.5005 0.693521 
1.52615 0.679378 
1.5518 0.673955 
1.57745 0.663357 
1.6031 0.660408 
1.62875 0.678862 
1.6544 0.702922 
1.68005 0.718694 
1.7057 0.736711 
1.73135 0.786367 
1.757 0.815197 
1.78265 0.84054 
1.8083 0.906163 
1.83395 0.927306 
1.8596 0.971224 
1.88525 1.01172 
1.9109 1.04848 
1.93655 1.09086 
1.9622 1.12586 
1.98785 1.16732 
2.0135 1.19189 
2.03915 1.18733 
2.0648 1.21127 
2.09045 1.21746 
2.1161 1.20966 
2.14174 1.20153 
2.16739 1.17277 
2.19304 1.1628 
2.21869 1.13237 
2.24434 1.09962 
2.26999 1.07272 
2.29564 1.03323 
2.32129 1.01442 
2.34694 0.99691 
2.37259 0.966363 
2.39824 0.961873 
2.42389 0.940572 
2.44954 0.928004 
2.47519 0.91125 
2.50084 0.890437 
2.52649 0.885849 
2.55214 0.887748 
0.0128248 0 
0.0384745 0 
0.0641241 0 
0.0897737 0 
0.115423 0 
0.141073 0 
0.166723 0 
0.192372 0 
0.218022 0 
0.243672 0 
0.269321 0 
0.294971 0 
0.32062 0 
0.34627 0 
0.37192 0 
0.397569 0 
0.423219 0 
0.448869 0 
0.474518 0 
0.500168 0 
0.525818 0 
0.551467 0 
0.577117 0 
0.602767 0 
0.628416 0 
0.654066 0 
0.679715 0 
0.705365 0 
0.731015 0 
0.756664 0 
0.782314 0 
0.807964 0 
0.833613 0 
0.859263 0 
0.884913 0.00128387 
0.910562 0.0218262 
0.936212 0.167222 
0.961861 0.550171 
0.987511 1.17935 
1.01316 1.83951 
1.03881 2.31039 
1.06446 2.5472 
1.09011 2.53783 
1.11576 2.43922 
1.14141 2.23249 
1.16706 1.99098 
1.19271 1.76012 
1.21836 1.57871 
1.24401 1.42212 
1.26966 1.27588 
1.29531 1.14513 
1.32096 1.04985 
1.34661 0.938161 
1.37226 0.876304 
1.39791 0.823825 
1.42355 0.768076 
1.4492 0.720578 
1.47485 0.70633 
1.5005 0.673171 
1.52615 0.656747 
1.5518 0.66143 
1.57745 0.654064 
1.6031 0.650935 
1.62875 0.66289 
1.6544 0.690197 
1.68005 0.704649 
1.7057 0.729454 
1.73135 0.781719 
1.757 0.814709 
1.78265 0.862822 
1.8083 0.900914 
1.83395 0.945178 
1.8596 0.980507 
1.88525 1.03184 
1.9109 1.06681 
1.93655 1.11398 
1.9622 1.13598 
1.98785 1.17823 
2.0135 1.1879 
2.03915 1.21059 
2.0648 1.22552 
2.09045 1.2216 
2.1161 1.20941 
2.14174 1.19336 
2.16739 1.16948 
2.19304 1.15302 
2.21869 1.11114 
2.24434 1.09782 
2.26999 1.06738 
2.29564 1.04391 
2.32129 1.0124 
2.34694 0.991734 
2.37259 0.963607 
2.39824 0.949986 
2.42389 0.927885 
2.44954 0.912875 
2.47519 0.898156 
2.50084 0.893561 
2.52649 0.88325 
2.55214 0.879368 
0.0128248 0 
0.0384745 0 
0.0641241 0 
0.0897737 0 
0.115423 0 
0.141073 0 
0.166723 0 
0.192372 0 
0.218022 0 
0.243672 0 
0.269321 0 
0.294971 0 
0.32062 0 
0.34627 0 
0.37192 0 
0.397569 0 
0.423219 0 
0.448869 0 
0.474518 0 
0.500168 0 
0.525818 0 
0.551467 0 
0.577117 0 
0.602767 0 
0.628416 0 
0.654066 0 
0.679715 0 
0.705365 0 
0.731015 0 
0.756664 0 
0.782314 0 
0.807964 0 
0.833613 0 
0.859263 0 
0.884913 0.00128387 
0.910562 0.0217396 
0.936212 0.160258 
0.961861 0.551413 
0.987511 1.20969 
1.01316 1.86819 
1.03881 2.35258 
1.06446 2.60741 
1.09011 2.61222 
1.11576 2.47429 
1.14141 2.19633 
1.16706 1.97927 
1.19271 1.74603 
1.21836 1.54741 
1.24401 1.38477 
1.26966 1.21939 
1.29531 1.11705 
1.32096 1.00079 
1.34661 0.917964 
1.37226 0.83832 
1.39791 0.799607 
1.42355 0.764461 
1.4492 0.71685 
1.47485 0.697119 
1.5005 0.675468 
1.52615 0.671424 
1.5518 0.670824 
1.57745 0.663992 
1.6031 0.659318 
1.62875 0.688987 
1.6544 0.70775 
1.68005 0.723986 
1.7057 0.755841 
1.73135 0.781648 
1.757 0.835855 
1.78265 0.86002 
1.8083 0.912686 
1.83395 0.95942 
1.8596 0.998553 
1.88525 1.02574 
1.9109 1.0746 
1.93655 1.09211 
1.9622 1.13255 
1.98785 1.16322 
2.0135 1.18502 
2.03915 1.21211 
2.0648 1.20826 
2.09045 1.21974 
2.1161 1.22253 
2.14174 1.20061 
2.16739 1.18069 
2.19304 1.14708 
2.21869 1.11326 
2.24434 1.08117 
2.26999 1.05183 
2.29564 1.03304 
2.32129 0.992634 
2.34694 0.974498 
2.37259 0.94988 
2.39824 0.941658 
2.42389 0.919524 
2.44954 0.911104 
2.47519 0.903502 
2.50084 0.884593 
2.52649 0.874103 
2.55214 0.87939 
0.0128248 0 
0.0384745 0 
0.0641241 0 
0.0897737 0 
0.115423 0 
0.141073 0 
0.166723 0 
0.192372 0 
0.218022 0 
0.243672 0 
0.269321 0 
0.294971 0 
0.32062 0 
0.34627 0 
0.37192 0 
0.397569 0 
0.423219 0 
0.448869 0 
0.474518 0 
0.500168 0 
0.525818 0 
0.551467 0 
0.577117 0 
0.602767 0 
0.628416 0 
0.654066 0 
0.679715 0 
0.705365 0 
0.731015 0 
0.756664 0 
0.782314 0 
0.807964 0 
0.833613 0 
0.859263 0 
0.884913 0.00110046 
0.910562 0.022086 
0.936212 0.14592 
0.961861 0.552888 
0.987511 1.15461 
1.01316 1.79187 
1.03881 2.3022 
1.06446 2.52667 
1.09011 2.58303 
1.11576 2.41326 
1.14141 2.23552 
1.16706 2.0059 
1.19271 1.81111 
1.21836 1.58849 
1.24401 1.39289 
1.26966 1.27397 
1.29531 1.14453 
1.32096 1.02446 
1.34661 0.945646 
1.37226 0.868333 
1.39791 0.818018 
1.42355 0.792669 
1.4492 0.751729 
1.47485 0.71508 
1.5005 0.691926 
1.52615 0.669142 
1.5518 0.652603 
1.57745 0.65366 
1.6031 0.653925 
1.62875 0.679485 
1.6544 0.684739 
1.68005 0.702665 
1.7057 0.724789 
1.73135 0.756108 
1.757 0.788212 
1.78265 0.833286 
1.8083 0.899904 
1.83395 0.9212 
1.8596 0.983144 
1.88525 1.02384 
1.9109 1.06534 
1.93655 1.10961 
1.9622 1.13794 
1.98785 1.16763 
2.0135 1.20036 
2.03915 1.22202 
2.0648 1.21501 
2.09045 1.2289 
2.1161 1.2156 
2.14174 1.19639 
2.16739 1.18101 
2.19304 1.15774 
2.21869 1.14566 
2.24434 1.10561 
2.26999 1.07028 
2.29564 1.04805 
2.32129 1.0153 
2.34694 1.00001 
2.37259 0.965687 
2.39824 0.953095 
2.42389 0.943555 
2.44954 0.914455 
2.47519 0.896738 
2.50084 0.883479 
2.52649 0.880336 
2.55214 0.879412 
0.0128248 0 
0.0384745 0 
0.0641241 0 
0.0897737 0 
0.115423 0 
0.141073 0 
0.166723 0 
0.192372 0 
0.218022 0 
0.243672 0 
0.269321 0 
0.294971 0 
0.32062 0 
0.34627 0 
0.37192 0 
0.397569 0 
0.423219 0 
0.448869 0 
0.474518 0 
0.500168 0 
0.525818 0 
0.551467 0 
0.577117 0 
0.602767 0 
0.628416 0 
0.654066 0 
0.679715 0 
0.705365 0 
0.731015 0 
0.756664 0 
0.782314 0 
0.807964 0 
0.833613 0 
0.859263 0 
0.884913 0.000550231 
0.910562 0.0255505 
0.936212 0.164682 
0.961861 0.573147 
0.987511 1.18996 
1.01316 1.87302 
1.03881 2.35231 
1.06446 2.57217 
1.09011 2.55282 
1.11576 2.44811 
1.14141 2.17665 
1.16706 1.97057 
1.19271 1.74386 
1.21836 1.5567 
1.24401 1.3837 
1.26966 1.24042 
1.29531 1.1141 
1.32096 1.01322 
1.34661 0.94525 
1.37226 0.865511 
1.39791 0.803135 
1.42355 0.776155 
1.4492 0.738735 
1.47485 0.703953 
1.5005 0.693776 
1.52615 0.663006 
1.5518 0.680337 
1.57745 0.655536 
1.6031 0.668595 
1.62875 0.688554 
1.6544 0.691325 
1.68005 0.715081 
1.7057 0.752657 
1.73135 0.782534 
1.757 0.819059 
1.78265 0.866709 
1.8083 0.913652 
1.83395 0.947805 
1.8596 0.969355 
1.88525 1.03932 
1.9109 1.06412 
1.93655 1.11216 
1.9622 1.12298 
1.98785 1.16883 
2.0135 1.18804 
2.03915 1.20334 
2.0648 1.21538 
2.09045 1.22804 
2.1161 1.21391 
2.14174 1.19918 
2.16739 1.16046 
2.19304 1.14904 
2.21869 1.11997 
2.24434 1.08364 
2.26999 1.04503 
2.29564 1.03364 
2.32129 0.99438 
2.34694 0.982764 
2.37259 0.966593 
2.39824 0.942107 
2.42389 0.929608 
2.44954 0.916585 
2.47519 0.906397 
2.50084 0.886326 
2.52649 0.874441 
2.55214 0.879247 
