0.0128248 0 0
0.0384745 0 0
0.0641241 0 0
0.0897737 0 0
0.115423 0 0
0.141073 0 0
0.166723 0 0
0.192372 0 0
0.218022 0 0
0.243672 0 0
0.269321 0 0
0.294971 0 0
0.32062 0 0
0.34627 0 0
0.37192 0 0
0.397569 0 0
0.423219 0 0
0.448869 0 0
0.474518 0 0
0.500168 0 0
0.525818 0 0
0.551467 0 0
0.577117 0 0
0.602767 0 0
0.628416 0 0
0.654066 0 0
0.679715 0 0
0.705365 0 0
0.731015 0 0
0.756664 0 0
0.782314 0 0
0.807964 0 0
0.833613 0 0
0.859263 0 0
0.884913 0.00113714 0.000163591
0.910562 0.022086 0.00070067
0.936212 0.160815 0.0027225
0.961861 0.55538 0.00549033
0.987511 1.19052 0.00473421
1.01316 1.84611 0.00893958
1.03881 2.32806 0.00705865
1.06446 2.56122 0.00944746
1.09011 2.55732 0.00876547
1.11576 2.42133 0.010119
1.14141 2.20551 0.0065203
1.16706 1.9793 0.00456249
1.19271 1.76076 0.00707543
1.21836 1.55807 0.0070536
1.24401 1.39745 0.00658133
1.26966 1.25396 0.00712237
1.29531 1.1305 0.00470206
1.32096 1.02819 0.00491725
1.34661 0.944668 0.00520473
1.37226 0.873066 0.00481056
1.39791 0.818437 0.00387724
1.42355 0.773707 0.00340803
1.4492 0.736994 0.00396829
1.47485 0.708163 0.0028618
1.5005 0.689981 0.0030251
1.52615 0.67303 0.0030101
1.5518 0.667141 0.00249626
1.57745 0.661894 0.00321803
1.6031 0.665684 0.00354447
1.62875 0.67981 0.00320174
1.6544 0.697669 0.00417219
1.68005 0.715712 0.00342819
1.7057 0.743788 0.00429256
1.73135 0.775974 0.00344175
1.757 0.815099 0.00487705
1.78265 0.854194 0.00384971
1.8083 0.901858 0.00277358
1.83395 0.937611 0.00413828
1.8596 0.978314 0.00389844
1.88525 1.02488 0.00403755
1.9109 1.06001 0.00341815
1.93655 1.10185 0.00308584
1.9622 1.13282 0.00218163
1.98785 1.16393 0.00259829
2.0135 1.18832 0.00196045
2.03915 1.20558 0.00323307
2.0648 1.2113 0.00293691
2.09045 1.21704 0.00359801
2.1161 1.2114 0.00219371
2.14174 1.19574 0.00145234
2.16739 1.17281 0.00239937
2.19304 1.15297 0.00262155
2.21869 1.12251 0.00488514
2.24434 1.09491 0.00510414
2.26999 1.06377 0.00378181
2.29564 1.04041 0.00336207
2.32129 1.00971 0.00396068
2.34694 0.991063 0.00313502
2.37259 0.964531 0.0023412
2.39824 0.951487 0.00199643
2.42389 0.933561 0.003404
2.44954 0.918456 0.00181602
2.47519 0.905663 0.00171753
2.50084 0.892015 0.00262122
2.52649 0.881776 0.00254851
2.55214 0.883808 0.00203938
