79.21
90.25
82.81
81
79.21
67.24
86.49
86.49
82.81
92.16
81
84.64
82.81
77.44
92.16
92.16
81
88.36
77.44
88.36
84.64
82.81
84.64
82.81
79.21
84.64
77.44
75.69
77.44
84.64
73.96
72.25
75.69
81
75.69
70.56
84.64
70.56
75.69
81
82.81
86.49
88.36
77.44
82.81
79.21
88.36
72.25
86.49
82.81
82.81
88.36
79.21
79.21
92.16
81
81
82.81
96.04
86.49
75.69
73.96
67.24
81
81
84.64
82.81
88.36
79.21
86.49
84.64
77.44
79.21
72.25
79.21
81
81
86.49
77.44
75.69
86.49
81
82.81
79.21
81
86.49
79.21
84.64
86.49
86.49
81
88.36
84.64
79.21
68.89
82.81
73.96
77.44
75.69
81
