0.01
1.45
1.49
1.53
2.02
6.02
8.27
8.91
10.35
11.16
19
21.56
21.57
21.93
21.93
22.42
22.58
25.14
26.14
26.95
30.56
31.2
31.21
31.37
31.46
31.5
32.5
33.31
34.31
34.95
34.99
35.48
35.97
39.58
40.07
40.88
40.89
41.7
41.79
42.04
42.29
43.29
43.78
45.22
45.22
46.66
47.87
47.88
48.24
48.4
49.21
50.65
50.74
50.99
52.43
52.59
52.75
55.99
60.4
62.09
62.18
64.43
65.87
66.12
66.37
66.37
66.41
66.77
66.93
67.18
67.22
67.71
68.92
69.17
69.26
70.7
71.19
72.19
72.2
73.01
73.02
73.51
73.6
74.24
74.24
74.6
77.49
77.98
77.98
78.02
78.27
79.27
79.36
79.61
79.62
79.71
81.15
81.4
81.49
82.13
