1 0.0492118 0.0492118 0
2 0.0500574 0.0496346 0.00042281
3 0.0476034 0.0489576 0.000719746
4 0.0483497 0.0488056 0.000531138
5 0.0487222 0.0487889 0.000411755
6 0.0493329 0.0488796 0.000348206
7 0.0497774 0.0490078 0.000321025
8 0.0489535 0.0490011 0.000278099
9 0.0500179 0.049114 0.000270033
10 0.0496827 0.0491709 0.000248129
11 0.0482309 0.0490854 0.000240158
12 0.0492438 0.0490986 0.00021963
13 0.0488711 0.0490811 0.000202787
14 0.0491209 0.049084 0.000187766
15 0.0483855 0.0490374 0.000180897
16 0.0488119 0.0490233 0.000169799
17 0.0481183 0.0489701 0.000168148
18 0.0483503 0.0489357 0.000162227
19 0.0499228 0.0489876 0.000162009
20 0.0494069 0.0490086 0.000155118
21 0.049126 0.0490142 0.000147653
22 0.0499466 0.0490565 0.000147023
23 0.0494063 0.0490718 0.000141306
24 0.0487575 0.0490587 0.000135922
25 0.0494039 0.0490725 0.000131101
26 0.0477285 0.0490208 0.000136152
27 0.0484984 0.0490014 0.000132433
28 0.0497517 0.0490282 0.000130399
29 0.0494297 0.0490421 0.000126581
30 0.0504428 0.0490888 0.000130899
31 0.0483724 0.0490657 0.000128697
32 0.04884 0.0490586 0.00012481
33 0.0483488 0.0490371 0.000122866
34 0.0481192 0.0490101 0.000122216
35 0.0488684 0.0490061 0.000118742
36 0.048502 0.0489921 0.000116243
37 0.0487363 0.0489851 0.000113269
38 0.0483537 0.0489685 0.000111493
39 0.0487129 0.048962 0.000108794
40 0.0488817 0.04896 0.000106058
41 0.0488581 0.0489575 0.000103469
42 0.0489787 0.048958 0.000100977
43 0.0492221 0.0489641 9.87915e-05
44 0.048624 0.0489564 9.68291e-05
45 0.0491966 0.0489617 9.48033e-05
46 0.0483608 0.0489487 9.36353e-05
47 0.0486087 0.0489414 9.19065e-05
48 0.0491359 0.0489455 9.00626e-05
49 0.0491685 0.04895 8.83228e-05
50 0.048755 0.0489461 8.66261e-05
51 0.0497516 0.0489619 8.6367e-05
52 0.0486511 0.048956 8.49005e-05
53 0.0497667 0.0489713 8.46765e-05
54 0.0482247 0.0489574 8.4236e-05
55 0.0498468 0.0489736 8.42566e-05
56 0.0485368 0.0489658 8.31053e-05
57 0.0491336 0.0489687 8.16874e-05
58 0.0487429 0.0489648 8.0361e-05
59 0.048311 0.0489538 7.97609e-05
60 0.0486294 0.0489484 7.86064e-05
61 0.0487647 0.0489453 7.73657e-05
62 0.0485475 0.0489389 7.63776e-05
63 0.0494626 0.0489472 7.56138e-05
64 0.0492232 0.0489516 7.45478e-05
65 0.0490481 0.048953 7.3407e-05
66 0.0493799 0.0489595 7.25749e-05
67 0.049237 0.0489636 7.16034e-05
68 0.0491792 0.0489668 7.06137e-05
69 0.0492354 0.0489707 6.96916e-05
70 0.0483817 0.0489623 6.92023e-05
71 0.0494283 0.0489689 6.85356e-05
72 0.0495533 0.048977 6.80628e-05
73 0.048922 0.0489762 6.71282e-05
74 0.0499968 0.04899 6.76359e-05
75 0.0499877 0.0490033 6.80411e-05
76 0.048295 0.048994 6.77837e-05
77 0.0493226 0.0489983 6.70336e-05
78 0.0482626 0.0489888 6.68374e-05
79 0.0481429 0.0489781 6.68491e-05
80 0.0481816 0.0489682 6.67549e-05
81 0.0478947 0.0489549 6.72444e-05
82 0.049339 0.0489596 6.65842e-05
83 0.0486108 0.0489554 6.59113e-05
84 0.049584 0.0489629 6.55504e-05
85 0.0479427 0.0489509 6.58772e-05
86 0.0487308 0.0489483 6.5157e-05
87 0.0494574 0.0489542 6.4669e-05
88 0.0489266 0.0489539 6.39306e-05
89 0.0495711 0.0489608 6.35876e-05
90 0.0496775 0.0489688 6.33794e-05
91 0.0490685 0.0489699 6.26886e-05
92 0.0487831 0.0489678 6.20367e-05
93 0.0486598 0.0489645 6.14553e-05
94 0.0494289 0.0489695 6.09984e-05
95 0.0486214 0.0489658 6.0464e-05
96 0.048726 0.0489633 5.9883e-05
97 0.0508801 0.0489831 6.24702e-05
98 0.0485187 0.0489783 6.20108e-05
99 0.0490636 0.0489792 6.13873e-05
100 0.0497283 0.0489867 6.12303e-05
