1 -0.412623 -0.412623 0
2 -0.416028 -0.414326 0.0017026
3 -0.436476 -0.421709 0.00744881
4 -0.41454 -0.419917 0.00556369
5 -0.420224 -0.419978 0.00431006
6 -0.407233 -0.417854 0.00411058
7 -0.408885 -0.416573 0.0037028
8 -0.422087 -0.417262 0.00327997
9 -0.423042 -0.417904 0.00296309
10 -0.411982 -0.417312 0.00271562
11 -0.411297 -0.416765 0.00251651
12 -0.410547 -0.416247 0.00235497
13 -0.416054 -0.416232 0.00216631
14 -0.411289 -0.415879 0.00203645
15 -0.423231 -0.416369 0.00195817
16 -0.416256 -0.416362 0.00183171
17 -0.415636 -0.416319 0.00172113
18 -0.426013 -0.416858 0.00170972
19 -0.407685 -0.416375 0.00168776
20 -0.404749 -0.415794 0.00170341
21 -0.410506 -0.415542 0.00163971
22 -0.411072 -0.415339 0.00157656
23 -0.418091 -0.415458 0.0015112
24 -0.406335 -0.415078 0.00149597
25 -0.415929 -0.415112 0.00143529
26 -0.412744 -0.415021 0.00138198
27 -0.417684 -0.41512 0.00133347
28 -0.413518 -0.415063 0.00128623
29 -0.399102 -0.414512 0.00135764
30 -0.419682 -0.414685 0.00132288
31 -0.401506 -0.41426 0.00134827
32 -0.446969 -0.415282 0.00165803
33 -0.423358 -0.415526 0.00162553
34 -0.40516 -0.415222 0.0016062
35 -0.417558 -0.415288 0.00156107
36 -0.429381 -0.41568 0.00156677
37 -0.422496 -0.415864 0.00153494
38 -0.413487 -0.415801 0.00149531
39 -0.415429 -0.415792 0.00145649
40 -0.405883 -0.415544 0.00144106
41 -0.423547 -0.415739 0.00141896
42 -0.411282 -0.415633 0.00138883
43 -0.404318 -0.41537 0.00138144
44 -0.406984 -0.415179 0.00136307
45 -0.422023 -0.415332 0.00134108
46 -0.400749 -0.415015 0.00134937
47 -0.415754 -0.41503 0.00132044
48 -0.414173 -0.415012 0.00129277
49 -0.407508 -0.414859 0.00127534
50 -0.410762 -0.414777 0.00125225
51 -0.417867 -0.414838 0.00122895
52 -0.426369 -0.41506 0.00122532
53 -0.408415 -0.414934 0.0012085
54 -0.406328 -0.414775 0.00119657
55 -0.406519 -0.414625 0.00118416
56 -0.416677 -0.414661 0.0011634
57 -0.401189 -0.414425 0.00116699
58 -0.424159 -0.414593 0.00115891
59 -0.418506 -0.414659 0.00114103
60 -0.412718 -0.414627 0.00112232
61 -0.418639 -0.414693 0.00110572
62 -0.410747 -0.414629 0.0010896
63 -0.411887 -0.414585 0.00107305
64 -0.401966 -0.414388 0.0010744
65 -0.411251 -0.41434 0.00105884
66 -0.413503 -0.414327 0.00104275
67 -0.426948 -0.414516 0.0010442
68 -0.413569 -0.414502 0.00102883
69 -0.401 -0.414306 0.00103252
70 -0.421134 -0.414404 0.00102232
71 -0.413652 -0.414393 0.00100788
72 -0.406736 -0.414287 0.000999455
73 -0.417561 -0.414332 0.000986689
74 -0.414879 -0.414339 0.000973293
75 -0.40583 -0.414226 0.000966906
76 -0.414414 -0.414228 0.000954102
77 -0.409747 -0.41417 0.000943427
78 -0.416741 -0.414203 0.000931836
79 -0.423626 -0.414322 0.000927666
80 -0.414802 -0.414328 0.000916017
81 -0.439514 -0.414639 0.000956585
82 -0.396943 -0.414423 0.000969179
83 -0.4022 -0.414276 0.000968691
84 -0.417187 -0.414311 0.000957717
85 -0.414769 -0.414316 0.000946398
86 -0.410772 -0.414275 0.000936236
87 -0.408914 -0.414213 0.000927461
88 -0.412398 -0.414193 0.000917094
89 -0.412325 -0.414172 0.000906973
90 -0.418643 -0.414221 0.000898215
91 -0.410919 -0.414185 0.00088903
92 -0.401557 -0.414048 0.000889962
93 -0.41838 -0.414094 0.000881572
94 -0.404813 -0.413996 0.000877715
95 -0.417204 -0.414029 0.000869083
96 -0.404973 -0.413935 0.000865141
97 -0.418291 -0.41398 0.000857353
98 -0.41951 -0.414036 0.000850434
99 -0.42368 -0.414134 0.000847417
100 -0.417884 -0.414171 0.000839738
