0.0323165 0 0
0.0969496 0 0
0.161583 0 0
0.226216 0 0
0.290849 0 0
0.355482 0 0
0.420115 0 0
0.484748 0 0
0.549381 0 0
0.614014 0 0
0.678647 0 0
0.74328 0 0
0.807913 0 0
0.872546 0.000957892 0.000178222
0.937179 0.146371 0.00196859
1.00181 1.06164 0.00570932
1.06645 2.05065 0.0099765
1.13108 2.2649 0.0101854
1.19571 2.07696 0.0103733
1.26034 1.84498 0.0068498
1.32498 1.61741 0.00608881
1.38961 1.44865 0.00534434
1.45424 1.33186 0.00493751
1.51888 1.24277 0.00412376
1.58351 1.17766 0.00410879
1.64814 1.14135 0.00399594
1.71278 1.11048 0.00366431
1.77741 1.09373 0.00334422
1.84204 1.07511 0.00351393
1.90667 1.06068 0.00322291
1.97131 1.05457 0.00306756
2.03594 1.0572 0.00308003
2.10057 1.05285 0.00295389
2.16521 1.05164 0.00295173
2.22984 1.04548 0.00252557
2.29447 1.03742 0.00270064
2.35911 1.03371 0.00250341
2.42374 1.03055 0.00263014
2.48837 1.02619 0.00261295
2.55301 1.01909 0.00276511
2.61764 1.01827 0.00207269
2.68227 1.0108 0.00234111
2.7469 1.00592 0.00217554
2.81154 1.00713 0.0020183
2.87617 1.00325 0.00190382
2.9408 1.00042 0.002055
3.00544 1.00182 0.0017421
3.07007 0.998487 0.00168411
3.1347 0.996946 0.00174052
3.19934 0.997286 0.00163933
3.26397 0.997949 0.00164159
3.3286 0.995268 0.0017585
3.39323 0.992624 0.00168019
3.45787 0.993288 0.00161794
3.5225 0.991255 0.00169438
3.58713 0.990877 0.00136749
3.65177 0.990964 0.00155028
3.7164 0.994443 0.00144734
3.78103 0.989204 0.00144336
3.84567 0.989385 0.0013827
3.9103 0.989513 0.00139633
3.97493 0.990972 0.00127479
4.03957 0.987759 0.00123295
4.1042 0.988725 0.0014047
4.16883 0.988521 0.00122423
4.23346 0.988341 0.00124345
4.2981 0.988301 0.0011829
4.36273 0.986436 0.00133777
4.42736 0.988617 0.00120751
4.492 0.988404 0.00124862
4.55663 0.985958 0.00116702
4.62126 0.98722 0.0010548
4.6859 0.987427 0.00105317
4.75053 0.988327 0.00102001
4.81516 0.985761 0.000992986
4.87979 0.986953 0.00121722
4.94443 0.985309 0.00107317
5.00906 0.986227 0.00109959
5.07369 0.986803 0.00106328
5.13833 0.987255 0.00108251
5.20296 0.984857 0.00104396
5.26759 0.984984 0.000978519
5.33223 0.987822 0.000965355
5.39686 0.984117 0.00105938
5.46149 0.988381 0.00111101
5.52612 0.986903 0.00103193
5.59076 0.985501 0.000931064
5.65539 0.986506 0.000979855
5.72002 0.985125 0.000902788
5.78466 0.985024 0.000936258
5.84929 0.985418 0.00090614
5.91392 0.985466 0.00106778
5.97856 0.986021 0.000857219
6.04319 0.985254 0.00102617
6.10782 0.985843 0.000872761
6.17246 0.986624 0.000942886
6.23709 0.986465 0.000925531
6.30172 0.986916 0.000875753
6.36635 0.987463 0.000800498
6.43099 0.986094 0.000889929
